lat	lon	date	time	tempIMU	metodologia	sexo	tempmax(C)	tempmin(C)	tempmed(C)	Temprocíomediadiaria(C)	Humedadrelativadiaria(%)	vientodir	viento(km/h)vel	Presionsobreniveldelmar(Hp)	Prec(mm)	NubesTotOct	NubbajOct	Vis(km)
-40.584146000000004	-64.997857	10.1.2021	1439	35.79	GPS	macho	35.0	16.1	25.6	-0.2	14.8	NW	29.9	1003.5	0	3.2	0.0	30
-40.584134999999996	-64.997869	10.1.2021	1449	32.88	GPS	macho	35.0	16.1	25.6	-0.2	14.8	NW	29.9	1003.5	0	3.2	0.0	30
-40.584151	-64.997864	10.1.2021	1459	32.09	GPS	macho	35.0	16.1	25.6	-0.2	14.8	NW	29.9	1003.5	0	3.2	0.0	30
-40.584156	-64.99787099999999	10.1.2021	1510	32.16	GPS	macho	35.0	16.1	25.6	-0.2	14.9	NW	32.1	1003.5	0	3.5	0.0	30
-40.58416	-64.997869	10.1.2021	1520	32.38	GPS	macho	35.0	16.1	25.6	-0.2	14.9	NW	32.1	1003.5	0	3.5	0.0	30
-40.58421	-64.997887	10.1.2021	1530	33.06	GPS	macho	35.0	16.1	25.6	-0.2	14.9	NW	32.1	1003.5	0	3.5	0.0	30
-40.584164	-64.997861	10.1.2021	1540	33.49	GPS	macho	35.0	16.1	25.6	-0.2	14.9	NW	32.1	1003.5	0	3.5	0.0	30
-40.584159	-64.997845	10.1.2021	1550	33.15	GPS	macho	35.0	16.1	25.6	-0.2	14.9	NW	32.1	1003.5	0	3.5	0.0	30
-40.584178	-64.997855	10.1.2021	1600	33.48	GPS	macho	35.0	16.1	25.6	-0.2	14.9	NW	32.8	1003.5	0	3.6	0.0	30
-40.584174	-64.997849	10.1.2021	1610	33.74	GPS	macho	35.0	16.1	25.6	-0.2	14.9	NW	32.8	1003.5	0	3.6	0.0	30
-40.584171999999995	-64.99786	10.1.2021	1620	34.59	GPS	macho	35.0	16.1	25.6	-0.2	14.9	NW	32.8	1003.5	0	3.6	0.0	30
-40.584179	-64.997872	10.1.2021	1630	35.7	GPS	macho	35.0	16.1	25.6	-0.2	14.9	NW	32.8	1003.5	0	3.6	0.0	30
-40.584174	-64.99787099999999	10.1.2021	1640	35.41	GPS	macho	35.0	16.1	25.6	-0.2	14.9	NW	32.8	1003.5	0	3.6	0.0	30
-40.584165000000006	-64.997861	10.1.2021	1650	34.14	GPS	macho	35.0	16.1	25.6	-0.2	14.9	NW	32.8	1003.5	0	3.6	0.0	30
-40.58419	-64.9979	10.1.2021	1700	34.01	GPS	macho	35.0	16.1	25.6	-0.5	14.9	NW	33.5	1003.5	0	3.7	0.1	30
-40.584142	-64.997837	10.1.2021	1710	34.87	GPS	macho	35.0	16.1	25.6	-0.5	14.9	NW	33.5	1003.5	0	3.7	0.1	30
-40.584148	-64.99782900000001	10.1.2021	1720	35.96	GPS	macho	35.0	16.1	25.6	-0.5	14.9	NW	33.5	1003.5	0	3.7	0.1	30
-40.584159	-64.99783599999999	10.1.2021	1730	36.26	GPS	macho	35.0	16.1	25.6	-0.5	14.9	NW	33.5	1003.5	0	3.7	0.1	30
-40.584182	-64.997853	10.1.2021	1740	35.97	GPS	macho	35.0	16.1	25.6	-0.5	14.9	NW	33.5	1003.5	0	3.7	0.1	30
-40.584168	-64.997862	10.1.2021	1751	35.38	GPS	macho	35.0	16.1	25.6	-0.5	14.9	NW	33.5	1003.5	0	3.7	0.1	30
-40.584171000000005	-64.997875	10.1.2021	1800	35.37	GPS	macho	35.0	16.1	25.6	-0.8	14.6	NW	33.9	1003.5	0	3.8	0.2	30
-40.584154	-64.997838	10.1.2021	1810	35.35	GPS	macho	35.0	16.1	25.6	-0.8	14.6	NW	33.9	1003.5	0	3.8	0.2	30
-40.584171999999995	-64.997851	10.1.2021	1820	35.02	GPS	macho	35.0	16.1	25.6	-0.8	14.6	NW	33.9	1003.5	0	3.8	0.2	30
-40.584176	-64.997844	10.1.2021	1830	35.09	GPS	macho	35.0	16.1	25.6	-0.8	14.6	NW	33.9	1003.5	0	3.8	0.2	30
-40.584168	-64.997851	10.1.2021	1840	35.29	GPS	macho	35.0	16.1	25.6	-0.8	14.6	NW	33.9	1003.5	0	3.8	0.2	30
-40.584134000000006	-64.998065	10.1.2021	1850	47.36	GPS	macho	35.0	16.1	25.6	-0.8	14.6	NW	33.9	1003.5	0	3.8	0.2	30
-40.584118	-64.998067	10.1.2021	1901	42.5	GPS	macho	35.0	16.1	25.6	-0.9	14.5	WNW	34.4	1003.5	0	3.8	0.4	30
-40.584114	-64.997878	10.1.2021	1911	38.51	GPS	macho	35.0	16.1	25.6	-0.9	14.5	WNW	34.4	1003.5	0	3.8	0.4	30
-40.58412	-64.998077	10.1.2021	1921	37.17	GPS	macho	35.0	16.1	25.6	-0.9	14.5	WNW	34.4	1003.5	0	3.8	0.4	30
-40.584123	-64.998081	10.1.2021	1931	36.81	GPS	macho	35.0	16.1	25.6	-0.9	14.5	WNW	34.4	1003.5	0	3.8	0.4	30
-40.58412	-64.998098	10.1.2021	1941	37.81	GPS	macho	35.0	16.1	25.6	-0.9	14.5	WNW	34.4	1003.5	0	3.8	0.4	30
-40.58412	-64.998078	10.1.2021	1951	36.54	GPS	macho	35.0	16.1	25.6	-0.9	14.5	WNW	34.4	1003.5	0	3.8	0.4	30
-40.584128	-64.99813	10.1.2021	2001	38.52	GPS	macho	35.0	16.1	25.6	-0.9	14.6	WNW	35.4	1003.5	0	3.9	0.5	30
-40.584198	-64.99837099999999	10.1.2021	2011	43.24	GPS	macho	35.0	16.1	25.6	-0.9	14.6	WNW	35.4	1003.5	0	3.9	0.5	30
-40.584210999999996	-64.998375	10.1.2021	2021	40.47	GPS	macho	35.0	16.1	25.6	-0.9	14.6	WNW	35.4	1003.5	0	3.9	0.5	30
-40.584175	-64.998594	10.1.2021	2031	41.8	GPS	macho	35.0	16.1	25.6	-0.9	14.6	WNW	35.4	1003.5	0	3.9	0.5	30
-40.584221	-64.99868599999999	10.1.2021	2041	39.98	GPS	macho	35.0	16.1	25.6	-0.9	14.6	WNW	35.4	1003.5	0	3.9	0.5	30
-40.584331	-64.998728	10.1.2021	2051	39.27	GPS	macho	35.0	16.1	25.6	-0.9	14.6	WNW	35.4	1003.5	0	3.9	0.5	30
-40.584199	-64.998767	10.1.2021	2101	36.88	GPS	macho	35.0	16.1	25.6	-0.8	14.8	WNW	36.2	1003.5	0	4.0	0.7	30
-40.584241	-64.998699	10.1.2021	2111	36.21	GPS	macho	35.0	16.1	25.6	-0.8	14.8	WNW	36.2	1003.5	0	4.0	0.7	30
-40.584309999999995	-64.998699	10.1.2021	2121	35.81	GPS	macho	35.0	16.1	25.6	-0.8	14.8	WNW	36.2	1003.5	0	4.0	0.7	30
-40.584257	-64.998706	10.1.2021	2131	35.68	GPS	macho	35.0	16.1	25.6	-0.8	14.8	WNW	36.2	1003.5	0	4.0	0.7	30
-40.584271	-64.998725	10.1.2021	2141	35.61	GPS	macho	35.0	16.1	25.6	-0.8	14.8	WNW	36.2	1003.5	0	4.0	0.7	30
-40.584231	-64.998756	10.1.2021	2151	35.51	GPS	macho	35.0	16.1	25.6	-0.8	14.8	WNW	36.2	1003.5	0	4.0	0.7	30
-40.584241	-64.998706	10.1.2021	2201	35.29	GPS	macho	33.3	16.1	23.5	-0.5	15.3	WNW	36.8	1003.5	0	4.0	0.8	30
-40.584227	-64.998724	10.1.2021	2212	35.07	GPS	macho	33.3	16.1	23.5	-0.5	15.3	WNW	36.8	1003.5	0	4.0	0.8	30
-40.58423	-64.998701	10.1.2021	2221	34.8	GPS	macho	33.3	16.1	23.5	-0.5	15.3	WNW	36.8	1003.5	0	4.0	0.8	30
-40.584234	-64.998703	10.1.2021	2231	34.44	GPS	macho	33.3	16.1	23.5	-0.5	15.3	WNW	36.8	1003.5	0	4.0	0.8	30
-40.584235	-64.998706	10.1.2021	2241	34.18	GPS	macho	33.3	16.1	23.5	-0.5	15.3	WNW	36.8	1003.5	0	4.0	0.8	30
-40.584232	-64.998699	10.1.2021	2251	33.94	GPS	macho	33.3	16.1	23.5	-0.5	15.3	WNW	36.8	1003.5	0	4.0	0.8	30
-40.584265	-64.998727	10.1.2021	2302	33.69	GPS	macho	32.3	16.1	23.5	0.1	16.1	WNW	37.5	1003.5	0	4.0	1.0	30
-40.584253000000004	-64.99877	10.1.2021	2312	33.27	GPS	macho	32.3	16.1	23.5	0.1	16.1	WNW	37.5	1003.5	0	4.0	1.0	30
-40.584189	-64.998713	10.1.2021	2322	33.0	GPS	macho	32.3	16.1	23.5	0.1	16.1	WNW	37.5	1003.5	0	4.0	1.0	30
-40.584144	-64.998706	10.1.2021	2332	32.56	GPS	macho	32.3	16.1	23.5	0.1	16.1	WNW	37.5	1003.5	0	4.0	1.0	30
-40.584254	-64.998675	10.1.2021	2339	31.54	GPS	macho	32.3	16.1	23.5	0.1	16.1	WNW	37.5	1003.5	0	4.0	1.0	30
