lat	lon	date	time	tempIMU	metodologia	sexo	tempmax(C)	tempmin(C)	tempmed(C)	Temprocíomediadiaria(C)	Humedadrelativadiaria(%)	vientodir	viento(km/h)vel	Presionsobreniveldelmar(Hp)	Prec(mm)	NubesTotOct	NubbajOct	Vis(km)
-40.583979	-64.998592	12.1.2021	1116	24.0	GPS	macho	24.0	16.8	20.4	2.2	32.1	SSW	22.2	1012.6	*	3.8	3.8	30
-40.583991999999995	-64.998602	12.1.2021	1127	22.79	GPS	macho	24.0	16.8	20.4	2.2	32.1	SSW	22.2	1012.6	*	3.8	3.8	30
-40.583936	-64.99861	12.1.2021	1137	22.57	GPS	macho	24.0	16.8	20.4	2.2	32.1	SSW	22.2	1012.6	*	3.8	3.8	30
-40.58388	-64.998529	12.1.2021	1147	22.28	GPS	macho	24.0	16.8	20.4	2.2	32.1	SSW	22.2	1012.6	*	3.8	3.8	30
-40.583964	-64.998598	12.1.2021	1157	22.27	GPS	macho	24.0	16.8	20.4	2.2	32.1	SSW	22.2	1012.6	*	3.8	3.8	30
-40.583974	-64.998586	12.1.2021	1207	22.42	GPS	macho	24.0	7.5	15.8	2.0	31.4	SSW	21.2	1013.1	0	3.3	3.6	30
-40.584003	-64.998559	12.1.2021	1217	22.53	GPS	macho	24.0	7.5	15.8	2.0	31.4	SSW	21.2	1013.1	0	3.3	3.6	30
-40.583982	-64.998599	12.1.2021	1227	22.69	GPS	macho	24.0	7.5	15.8	2.0	31.4	SSW	21.2	1013.1	0	3.3	3.6	30
-40.583974	-64.998603	12.1.2021	1237	22.9	GPS	macho	24.0	7.5	15.8	2.0	31.4	SSW	21.2	1013.1	0	3.3	3.6	30
-40.583989	-64.998599	12.1.2021	1247	24.1	GPS	macho	24.0	7.5	15.8	2.0	31.4	SSW	21.2	1013.1	0	3.3	3.6	30
-40.583985	-64.99860100000001	12.1.2021	1257	25.09	GPS	macho	24.0	7.5	15.8	2.0	31.4	SSW	21.2	1013.1	0	3.3	3.6	30
-40.583997	-64.99861	12.1.2021	1307	29.86	GPS	macho	24.0	7.5	15.8	1.7	30.5	S	18.2	1013.5	0	2.9	3.5	30
-40.583956	-64.998548	12.1.2021	1317	37.8	GPS	macho	24.0	7.5	15.8	1.7	30.5	S	18.2	1013.5	0	2.9	3.5	30
-40.583875	-64.998401	12.1.2021	1327	42.04	GPS	macho	24.0	7.5	15.8	1.7	30.5	S	18.2	1013.5	0	2.9	3.5	30
-40.583813	-64.998306	12.1.2021	1337	41.41	GPS	macho	24.0	7.5	15.8	1.7	30.5	S	18.2	1013.5	0	2.9	3.5	30
-40.583777000000005	-64.998209	12.1.2021	1347	44.61	GPS	macho	24.0	7.5	15.8	1.7	30.5	S	18.2	1013.5	0	2.9	3.5	30
-40.583731	-64.998165	12.1.2021	1357	46.99	GPS	macho	24.0	7.5	15.8	1.7	30.5	S	18.2	1013.5	0	2.9	3.5	30
-40.583652	-64.998114	12.1.2021	1407	45.95	GPS	macho	24.0	7.5	15.8	2.5	31.3	S	19.1	1013.8	0	2.6	3.4	30
-40.583518	-64.998039	12.1.2021	1417	46.88	GPS	macho	24.0	7.5	15.8	2.5	31.3	S	19.1	1013.8	0	2.6	3.4	30
-40.583405	-64.997963	12.1.2021	1427	52.85	GPS	macho	24.0	7.5	15.8	2.5	31.3	S	19.1	1013.8	0	2.6	3.4	30
-40.583584	-64.998125	12.1.2021	1437	52.52	GPS	macho	24.0	7.5	15.8	2.5	31.3	S	19.1	1013.8	0	2.6	3.4	30
-40.583608	-64.998227	12.1.2021	1448	49.35	GPS	macho	24.0	7.5	15.8	2.5	31.3	S	19.1	1013.8	0	2.6	3.4	30
-40.583581	-64.99823	12.1.2021	1458	43.88	GPS	macho	24.0	7.5	15.8	2.5	31.3	S	19.1	1013.8	0	2.6	3.4	30
-40.583584	-64.99821899999999	12.1.2021	1507	37.37	GPS	macho	25.2	7.5	15.8	3.0	31.6	SSW	20.0	1013.8	0	2.5	3.1	30
-40.583597999999995	-64.998232	12.1.2021	1517	35.02	GPS	macho	25.2	7.5	15.8	3.0	31.6	SSW	20.0	1013.8	0	2.5	3.1	30
-40.583591	-64.998216	12.1.2021	1527	33.88	GPS	macho	25.2	7.5	15.8	3.0	31.6	SSW	20.0	1013.8	0	2.5	3.1	30
-40.583595	-64.998214	12.1.2021	1538	33.31	GPS	macho	25.2	7.5	15.8	3.0	31.6	SSW	20.0	1013.8	0	2.5	3.1	30
-40.583587	-64.998212	12.1.2021	1548	33.17	GPS	macho	25.2	7.5	15.8	3.0	31.6	SSW	20.0	1013.8	0	2.5	3.1	30
-40.583593	-64.998226	12.1.2021	1558	33.1	GPS	macho	25.2	7.5	15.8	3.0	31.6	SSW	20.0	1013.8	0	2.5	3.1	30
-40.58358	-64.998201	12.1.2021	1608	32.61	GPS	macho	26.0	7.5	15.8	3.8	32.6	SSW	20.5	1014.0	0	2.4	2.7	30
-40.583587	-64.998245	12.1.2021	1618	32.61	GPS	macho	26.0	7.5	15.8	3.8	32.6	SSW	20.5	1014.0	0	2.4	2.7	30
-40.583581	-64.99821800000001	12.1.2021	1628	32.24	GPS	macho	26.0	7.5	15.8	3.8	32.6	SSW	20.5	1014.0	0	2.4	2.7	30
-40.583591	-64.998225	12.1.2021	1638	32.42	GPS	macho	26.0	7.5	15.8	3.8	32.6	SSW	20.5	1014.0	0	2.4	2.7	30
-40.583566	-64.998193	12.1.2021	1658	33.15	GPS	macho	26.0	7.5	15.8	3.8	32.6	SSW	20.5	1014.0	0	2.4	2.7	30
-40.583583000000004	-64.998211	12.1.2021	1708	33.2	GPS	macho	27.0	7.5	15.8	4.8	33.5	SW	22.5	1014.2	0	2.2	2.2	30
-40.583566	-64.998199	12.1.2021	1718	33.29	GPS	macho	27.0	7.5	15.8	4.8	33.5	SW	22.5	1014.2	0	2.2	2.2	30
-40.583568	-64.998188	12.1.2021	1728	33.34	GPS	macho	27.0	7.5	15.8	4.8	33.5	SW	22.5	1014.2	0	2.2	2.2	30
-40.583554	-64.998175	12.1.2021	1738	33.38	GPS	macho	27.0	7.5	15.8	4.8	33.5	SW	22.5	1014.2	0	2.2	2.2	30
-40.583558000000004	-64.99817900000001	12.1.2021	1748	33.9	GPS	macho	27.0	7.5	15.8	4.8	33.5	SW	22.5	1014.2	0	2.2	2.2	30
-40.583582	-64.99821	12.1.2021	1758	34.48	GPS	macho	27.0	7.5	15.8	4.8	33.5	SW	22.5	1014.2	0	2.2	2.2	30
-40.583591999999996	-64.99821700000001	12.1.2021	1808	34.57	GPS	macho	27.5	7.5	15.8	5.6	34.3	WSW	24.1	1014.3	0	1.9	1.7	30
-40.583573	-64.998199	12.1.2021	1818	34.98	GPS	macho	27.5	7.5	15.8	5.6	34.3	WSW	24.1	1014.3	0	1.9	1.7	30
-40.583579	-64.99821	12.1.2021	1828	34.9	GPS	macho	27.5	7.5	15.8	5.6	34.3	WSW	24.1	1014.3	0	1.9	1.7	30
-40.583584	-64.998194	12.1.2021	1838	34.9	GPS	macho	27.5	7.5	15.8	5.6	34.3	WSW	24.1	1014.3	0	1.9	1.7	30
-40.583589	-64.998209	12.1.2021	1848	35.33	GPS	macho	27.5	7.5	15.8	5.6	34.3	WSW	24.1	1014.3	0	1.9	1.7	30
-40.583397999999995	-64.998113	12.1.2021	1858	42.24	GPS	macho	27.5	7.5	15.8	5.6	34.3	WSW	24.1	1014.3	0	1.9	1.7	30
-40.583248	-64.99794200000001	12.1.2021	1908	44.7	GPS	macho	28.2	7.5	15.8	6.4	34.9	W	25.7	1014.3	0	1.8	1.2	30
-40.582975	-64.99760699999999	12.1.2021	1919	44.68	GPS	macho	28.2	7.5	15.8	6.4	34.9	W	25.7	1014.3	0	1.8	1.2	30
-40.583001	-64.997695	12.1.2021	1928	39.96	GPS	macho	28.2	7.5	15.8	6.4	34.9	W	25.7	1014.3	0	1.8	1.2	30
-40.582993	-64.997698	12.1.2021	1938	35.87	GPS	macho	28.2	7.5	15.8	6.4	34.9	W	25.7	1014.3	0	1.8	1.2	30
-40.582988	-64.997694	12.1.2021	1949	34.38	GPS	macho	28.2	7.5	15.8	6.4	34.9	W	25.7	1014.3	0	1.8	1.2	30
-40.582981	-64.997694	12.1.2021	1959	33.5	GPS	macho	28.2	7.5	15.8	6.4	34.9	W	25.7	1014.3	0	1.8	1.2	30
-40.582985	-64.99769599999999	12.1.2021	2009	33.12	GPS	macho	28.2	7.5	15.8	6.4	34.5	W	25.4	1014.3	0	1.5	1.0	30
-40.582982	-64.997685	12.1.2021	2019	32.72	GPS	macho	28.2	7.5	15.8	6.4	34.5	W	25.4	1014.3	0	1.5	1.0	30
-40.58299	-64.997698	12.1.2021	2029	32.51	GPS	macho	28.2	7.5	15.8	6.4	34.5	W	25.4	1014.3	0	1.5	1.0	30
-40.582986	-64.997704	12.1.2021	2039	32.14	GPS	macho	28.2	7.5	15.8	6.4	34.5	W	25.4	1014.3	0	1.5	1.0	30
-40.582981	-64.997688	12.1.2021	2049	35.69	GPS	macho	28.2	7.5	15.8	6.4	34.5	W	25.4	1014.3	0	1.5	1.0	30
-40.582972	-64.997676	12.1.2021	2059	36.47	GPS	macho	28.2	7.5	15.8	6.4	34.5	W	25.4	1014.3	0	1.5	1.0	30
-40.582978000000004	-64.99767800000001	12.1.2021	2109	36.62	GPS	macho	28.2	7.5	15.8	6.2	33.7	W	25.8	1014.3	0	1.3	0.8	30
-40.58297	-64.99768	12.1.2021	2119	36.57	GPS	macho	28.2	7.5	15.8	6.2	33.7	W	25.8	1014.3	0	1.3	0.8	30
-40.582967	-64.997671	12.1.2021	2129	36.21	GPS	macho	28.2	7.5	15.8	6.2	33.7	W	25.8	1014.3	0	1.3	0.8	30
-40.582976	-64.997675	12.1.2021	2139	36.05	GPS	macho	28.2	7.5	15.8	6.2	33.7	W	25.8	1014.3	0	1.3	0.8	30
-40.582972	-64.997697	12.1.2021	2149	35.69	GPS	macho	28.2	7.5	15.8	6.2	33.7	W	25.8	1014.3	0	1.3	0.8	30
-40.582963	-64.997702	12.1.2021	2159	35.2	GPS	macho	28.2	7.5	15.8	6.2	33.7	W	25.8	1014.3	0	1.3	0.8	30
-40.58298	-64.99770500000001	12.1.2021	2210	34.69	GPS	macho	28.2	7.5	14.0	6.3	33.9	WSW	26.2	1014.4	0	1.2	0.6	30
-40.582991	-64.997698	12.1.2021	2219	34.21	GPS	macho	28.2	7.5	14.0	6.3	33.9	WSW	26.2	1014.4	0	1.2	0.6	30
-40.582993	-64.99771	12.1.2021	2229	33.5	GPS	macho	28.2	7.5	14.0	6.3	33.9	WSW	26.2	1014.4	0	1.2	0.6	30
-40.58299	-64.99770799999999	12.1.2021	2239	33.08	GPS	macho	28.2	7.5	14.0	6.3	33.9	WSW	26.2	1014.4	0	1.2	0.6	30
-40.582985	-64.997743	12.1.2021	2249	32.46	GPS	macho	28.2	7.5	14.0	6.3	33.9	WSW	26.2	1014.4	0	1.2	0.6	30
-40.582993	-64.99771199999999	12.1.2021	2259	32.08	GPS	macho	28.2	7.5	14.0	6.3	33.9	WSW	26.2	1014.4	0	1.2	0.6	30
-40.58299	-64.997716	12.1.2021	2309	31.69	GPS	macho	28.2	7.5	14.0	6.5	34.7	WSW	26.7	1014.4	0	1.0	0.3	30
-40.582992	-64.99771899999999	12.1.2021	2319	31.17	GPS	macho	28.2	7.5	14.0	6.5	34.7	WSW	26.7	1014.4	0	1.0	0.3	30
-40.582991	-64.997714	12.1.2021	2330	30.49	GPS	macho	28.2	7.5	14.0	6.5	34.7	WSW	26.7	1014.4	0	1.0	0.3	30
-40.582988	-64.997725	12.1.2021	2340	30.05	GPS	macho	28.2	7.5	14.0	6.5	34.7	WSW	26.7	1014.4	0	1.0	0.3	30
-40.582995000000004	-64.99770500000001	12.1.2021	2350	29.46	GPS	macho	28.2	7.5	14.0	6.5	34.7	WSW	26.7	1014.4	0	1.0	0.3	30
