lat	lon	date	time	tempIMU	metodologia	sexo	tempmax(C)	tempmin(C)	tempmed(C)	Temprocíomediadiaria(C)	Humedadrelativadiaria(%)	vientodir	viento(km/h)vel	Presionsobreniveldelmar(Hp)	Prec(mm)	NubesTotOct	NubbajOct	Vis(km)
-40.581618	-64.99634	14.1.2021	1056	23.24	GPS	macho	29.4	20.7	25.0	13.3	48.8	SE	19.4	1016.8	*	3.7	1.5	30
-40.581621000000005	-64.996323	14.1.2021	1106	22.41	GPS	macho	29.4	20.7	25.0	13.3	48.8	SE	19.4	1016.8	*	3.7	1.5	30
-40.581626	-64.996325	14.1.2021	1116	22.04	GPS	macho	29.4	20.7	25.0	13.3	48.8	SE	19.4	1016.8	*	3.7	1.5	30
-40.581629	-64.99633299999999	14.1.2021	1126	22.04	GPS	macho	29.4	20.7	25.0	13.3	48.8	SE	19.4	1016.8	*	3.7	1.5	30
-40.581621000000005	-64.996332	14.1.2021	1136	22.27	GPS	macho	29.4	20.7	25.0	13.3	48.8	SE	19.4	1016.8	*	3.7	1.5	30
-40.581618	-64.996328	14.1.2021	1146	22.85	GPS	macho	29.4	20.7	25.0	13.3	48.8	SE	19.4	1016.8	*	3.7	1.5	30
-40.581675	-64.996329	14.1.2021	1156	23.72	GPS	macho	29.4	20.7	25.0	13.3	48.8	SE	19.4	1016.8	*	3.7	1.5	30
-40.581695	-64.99625	14.1.2021	1206	24.35	GPS	macho	29.4	18.0	23.7	13.7	51.2	SE	19.1	1014.5	5	4.0	1.6	30
-40.581634	-64.996297	14.1.2021	1216	25.86	GPS	macho	29.4	18.0	23.7	13.7	51.2	SE	19.1	1014.5	5	4.0	1.6	30
-40.581666999999996	-64.99616999999999	14.1.2021	1227	26.16	GPS	macho	29.4	18.0	23.7	13.7	51.2	SE	19.1	1014.5	5	4.0	1.6	30
-40.581749	-64.996213	14.1.2021	1236	25.67	GPS	macho	29.4	18.0	23.7	13.7	51.2	SE	19.1	1014.5	5	4.0	1.6	30
-40.581744	-64.996214	14.1.2021	1246	36.1	GPS	macho	29.4	18.0	23.7	13.7	51.2	SE	19.1	1014.5	5	4.0	1.6	30
-40.581768	-64.996178	14.1.2021	1256	36.77	GPS	macho	29.4	18.0	23.7	13.7	51.2	SE	19.1	1014.5	5	4.0	1.6	30
-40.581703000000005	-64.996223	14.1.2021	1306	38.62	GPS	macho	29.4	18.0	23.7	13.8	52.6	SE	19.5	1014.5	5	4.2	1.6	30
-40.581813000000004	-64.996245	14.1.2021	1317	41.99	GPS	macho	29.4	18.0	23.7	13.8	52.6	SE	19.5	1014.5	5	4.2	1.6	30
-40.581771999999994	-64.996091	14.1.2021	1327	41.08	GPS	macho	29.4	18.0	23.7	13.8	52.6	SE	19.5	1014.5	5	4.2	1.6	30
-40.581757	-64.996082	14.1.2021	1337	41.82	GPS	macho	29.4	18.0	23.7	13.8	52.6	SE	19.5	1014.5	5	4.2	1.6	30
-40.581823	-64.996138	14.1.2021	1347	42.07	GPS	macho	29.4	18.0	23.7	13.8	52.6	SE	19.5	1014.5	5	4.2	1.6	30
-40.581868	-64.99626500000001	14.1.2021	1357	44.21	GPS	macho	29.4	18.0	23.7	13.8	52.6	SE	19.5	1014.5	5	4.2	1.6	30
-40.581934000000004	-64.996372	14.1.2021	1407	46.24	GPS	macho	29.4	18.0	23.7	14.4	55.2	ESE	19.7	1014.5	5	4.4	1.7	30
-40.581996000000004	-64.996332	14.1.2021	1417	48.53	GPS	macho	29.4	18.0	23.7	14.4	55.2	ESE	19.7	1014.5	5	4.4	1.7	30
-40.581977	-64.996312	14.1.2021	1427	50.75	GPS	macho	29.4	18.0	23.7	14.4	55.2	ESE	19.7	1014.5	5	4.4	1.7	30
-40.581899	-64.996257	14.1.2021	1437	49.96	GPS	macho	29.4	18.0	23.7	14.4	55.2	ESE	19.7	1014.5	5	4.4	1.7	30
-40.581897999999995	-64.996256	14.1.2021	1447	38.2	GPS	macho	29.4	18.0	23.7	14.4	55.2	ESE	19.7	1014.5	5	4.4	1.7	30
-40.581804	-64.996131	14.1.2021	1457	45.25	GPS	macho	29.4	18.0	23.7	14.4	55.2	ESE	19.7	1014.5	5	4.4	1.7	30
-40.581720000000004	-64.99602900000001	14.1.2021	1507	46.6	GPS	macho	29.4	18.0	23.7	14.8	57.3	ESE	19.5	1014.5	5	4.4	1.7	30
-40.581674	-64.99597800000001	14.1.2021	1517	41.4	GPS	macho	29.4	18.0	23.7	14.8	57.3	ESE	19.5	1014.5	5	4.4	1.7	30
-40.58168	-64.995987	14.1.2021	1527	37.24	GPS	macho	29.4	18.0	23.7	14.8	57.3	ESE	19.5	1014.5	5	4.4	1.7	30
-40.581666	-64.995983	14.1.2021	1537	35.96	GPS	macho	29.4	18.0	23.7	14.8	57.3	ESE	19.5	1014.5	5	4.4	1.7	30
-40.581655	-64.995999	14.1.2021	1547	35.53	GPS	macho	29.4	18.0	23.7	14.8	57.3	ESE	19.5	1014.5	5	4.4	1.7	30
-40.581676	-64.996001	14.1.2021	1557	35.33	GPS	macho	29.4	18.0	23.7	14.8	57.3	ESE	19.5	1014.5	5	4.4	1.7	30
-40.581666	-64.995988	14.1.2021	1607	35.32	GPS	macho	29.4	18.0	23.7	15.3	58.9	ESE	20.2	1014.5	5	4.4	1.8	30
-40.581664	-64.995985	14.1.2021	1617	35.78	GPS	macho	29.4	18.0	23.7	15.3	58.9	ESE	20.2	1014.5	5	4.4	1.8	30
-40.581659	-64.995989	14.1.2021	1627	35.8	GPS	macho	29.4	18.0	23.7	15.3	58.9	ESE	20.2	1014.5	5	4.4	1.8	30
-40.581662	-64.995982	14.1.2021	1637	36.43	GPS	macho	29.4	18.0	23.7	15.3	58.9	ESE	20.2	1014.5	5	4.4	1.8	30
-40.581668	-64.995985	14.1.2021	1647	36.6	GPS	macho	29.4	18.0	23.7	15.3	58.9	ESE	20.2	1014.5	5	4.4	1.8	30
-40.581662	-64.995979	14.1.2021	1657	36.75	GPS	macho	29.4	18.0	23.7	15.3	58.9	ESE	20.2	1014.5	5	4.4	1.8	30
-40.581651	-64.99596600000001	14.1.2021	1707	37.02	GPS	macho	29.4	18.0	23.7	15.5	59.3	E	20.1	1014.5	5	4.5	1.8	30
-40.581651	-64.995971	14.1.2021	1717	37.43	GPS	macho	29.4	18.0	23.7	15.5	59.3	E	20.1	1014.5	5	4.5	1.8	30
-40.581646	-64.99594599999999	14.1.2021	1728	38.91	GPS	macho	29.4	18.0	23.7	15.5	59.3	E	20.1	1014.5	5	4.5	1.8	30
-40.581652000000005	-64.995954	14.1.2021	1738	38.66	GPS	macho	29.4	18.0	23.7	15.5	59.3	E	20.1	1014.5	5	4.5	1.8	30
-40.581658000000004	-64.99595500000001	14.1.2021	1748	37.94	GPS	macho	29.4	18.0	23.7	15.5	59.3	E	20.1	1014.5	5	4.5	1.8	30
-40.581659	-64.995856	14.1.2021	1758	36.94	GPS	macho	29.4	18.0	23.7	15.5	59.3	E	20.1	1014.5	5	4.5	1.8	30
-40.581672	-64.995949	14.1.2021	1808	37.06	GPS	macho	29.5	18.0	23.7	15.8	59.5	NE	20.5	1014.5	5	4.5	1.8	30
-40.58167	-64.99594300000001	14.1.2021	1818	37.92	GPS	macho	29.5	18.0	23.7	15.8	59.5	NE	20.5	1014.5	5	4.5	1.8	30
-40.581683	-64.995939	14.1.2021	1828	37.32	GPS	macho	29.5	18.0	23.7	15.8	59.5	NE	20.5	1014.5	5	4.5	1.8	30
-40.581679	-64.995942	14.1.2021	1838	38.44	GPS	macho	29.5	18.0	23.7	15.8	59.5	NE	20.5	1014.5	5	4.5	1.8	30
-40.58167	-64.995938	14.1.2021	1848	36.2	GPS	macho	29.5	18.0	23.7	15.8	59.5	NE	20.5	1014.5	5	4.5	1.8	30
-40.581715	-64.995977	14.1.2021	1858	41.81	GPS	macho	29.5	18.0	23.7	15.8	59.5	NE	20.5	1014.5	5	4.5	1.8	30
-40.581888	-64.996137	14.1.2021	1908	45.97	GPS	macho	29.8	18.0	23.7	16.1	59.2	NNE	21.2	1014.5	5	4.6	1.9	30
-40.581891999999996	-64.996202	14.1.2021	1918	41.35	GPS	macho	29.8	18.0	23.7	16.1	59.2	NNE	21.2	1014.5	5	4.6	1.9	30
-40.581885	-64.996219	14.1.2021	1928	37.85	GPS	macho	29.8	18.0	23.7	16.1	59.2	NNE	21.2	1014.5	5	4.6	1.9	30
-40.581887	-64.99623000000001	14.1.2021	1938	36.47	GPS	macho	29.8	18.0	23.7	16.1	59.2	NNE	21.2	1014.5	5	4.6	1.9	30
-40.581887	-64.996237	14.1.2021	1948	35.75	GPS	macho	29.8	18.0	23.7	16.1	59.2	NNE	21.2	1014.5	5	4.6	1.9	30
-40.581889000000004	-64.996234	14.1.2021	1958	35.28	GPS	macho	29.8	18.0	23.7	16.1	59.2	NNE	21.2	1014.5	5	4.6	1.9	30
-40.581875	-64.9962	14.1.2021	2008	34.93	GPS	macho	30.0	18.0	23.7	16.3	58.4	N	21.5	1014.5	5	4.6	2.0	30
-40.581885	-64.996214	14.1.2021	2018	34.09	GPS	macho	30.0	18.0	23.7	16.3	58.4	N	21.5	1014.5	5	4.6	2.0	30
-40.581881	-64.996204	14.1.2021	2029	33.44	GPS	macho	30.0	18.0	23.7	16.3	58.4	N	21.5	1014.5	5	4.6	2.0	30
-40.581897	-64.996241	14.1.2021	2038	33.17	GPS	macho	30.0	18.0	23.7	16.3	58.4	N	21.5	1014.5	5	4.6	2.0	30
-40.5819	-64.996252	14.1.2021	2048	32.77	GPS	macho	30.0	18.0	23.7	16.3	58.4	N	21.5	1014.5	5	4.6	2.0	30
-40.581911	-64.996252	14.1.2021	2058	32.53	GPS	macho	30.0	18.0	23.7	16.3	58.4	N	21.5	1014.5	5	4.6	2.0	30
-40.581944	-64.996257	14.1.2021	2108	33.53	GPS	macho	30.0	18.0	23.7	16.6	58.1	N	21.5	1014.5	5	4.5	2.1	30
-40.582005	-64.996337	14.1.2021	2118	33.09	GPS	macho	30.0	18.0	23.7	16.6	58.1	N	21.5	1014.5	5	4.5	2.1	30
-40.582102	-64.996408	14.1.2021	2128	33.11	GPS	macho	30.0	18.0	23.7	16.6	58.1	N	21.5	1014.5	5	4.5	2.1	30
-40.582106	-64.996429	14.1.2021	2140	33.52	GPS	macho	30.0	18.0	23.7	16.6	58.1	N	21.5	1014.5	5	4.5	2.1	30
-40.582102	-64.996444	14.1.2021	2149	33.4	GPS	macho	30.0	18.0	23.7	16.6	58.1	N	21.5	1014.5	5	4.5	2.1	30
-40.5821	-64.996463	14.1.2021	2159	33.04	GPS	macho	30.0	18.0	23.7	16.6	58.1	N	21.5	1014.5	5	4.5	2.1	30
-40.582096	-64.996481	14.1.2021	2209	32.7	GPS	macho	30.0	18.0	21.0	16.7	57.5	N	22.4	1014.5	5	4.5	2.3	30
-40.582101	-64.996516	14.1.2021	2219	32.71	GPS	macho	30.0	18.0	21.0	16.7	57.5	N	22.4	1014.5	5	4.5	2.3	30
-40.582113	-64.996504	14.1.2021	2229	32.47	GPS	macho	30.0	18.0	21.0	16.7	57.5	N	22.4	1014.5	5	4.5	2.3	30
-40.582122999999996	-64.996448	14.1.2021	2239	32.05	GPS	macho	30.0	18.0	21.0	16.7	57.5	N	22.4	1014.5	5	4.5	2.3	30
