lat	lon	date	time	tempIMU	metodologia	sexo	tempmax(C)	tempmin(C)	tempmed(C)	Temprocíomediadiaria(C)	Humedadrelativadiaria(%)	vientodir	viento(km/h)vel	Presionsobreniveldelmar(Hp)	Prec(mm)	NubesTotOct	NubbajOct	Vis(km)
-40.582982	-64.997713	13.1.2021	1045	22.32	GPS	macho	29.0	18.5	23.8	6.9	36.3	WSW	26.8	1014.5	*	0.8	0.0	30
-40.582989000000005	-64.997716	13.1.2021	1055	22.29	GPS	macho	29.0	18.5	23.8	6.9	36.3	WSW	26.8	1014.5	*	0.8	0.0	30
-40.582981	-64.99770699999999	13.1.2021	1105	22.64	GPS	macho	29.0	18.5	23.8	6.9	36.3	WSW	26.8	1014.5	*	0.8	0.0	30
-40.582978999999995	-64.99771199999999	13.1.2021	1115	23.75	GPS	macho	29.0	18.5	23.8	6.9	36.3	WSW	26.8	1014.5	*	0.8	0.0	30
-40.582986	-64.997709	13.1.2021	1125	24.52	GPS	macho	29.0	18.5	23.8	6.9	36.3	WSW	26.8	1014.5	*	0.8	0.0	30
-40.582985	-64.997704	13.1.2021	1135	25.46	GPS	macho	29.0	18.5	23.8	6.9	36.3	WSW	26.8	1014.5	*	0.8	0.0	30
-40.582978000000004	-64.997715	13.1.2021	1145	26.81	GPS	macho	29.0	18.5	23.8	6.9	36.3	WSW	26.8	1014.5	*	0.8	0.0	30
-40.582994	-64.997699	13.1.2021	1155	28.21	GPS	macho	29.0	18.5	23.8	6.9	36.3	WSW	26.8	1014.5	*	0.8	0.0	30
-40.582978000000004	-64.997692	13.1.2021	1205	29.39	GPS	macho	29.0	12.3	20.6	7.4	37.0	W	27.9	1014.8	0	1.1	0.2	30
-40.58296	-64.997751	13.1.2021	1216	34.08	GPS	macho	29.0	12.3	20.6	7.4	37.0	W	27.9	1014.8	0	1.1	0.2	30
-40.582907	-64.997734	13.1.2021	1225	34.72	GPS	macho	29.0	12.3	20.6	7.4	37.0	W	27.9	1014.8	0	1.1	0.2	30
-40.582846	-64.99769	13.1.2021	1235	36.65	GPS	macho	29.0	12.3	20.6	7.4	37.0	W	27.9	1014.8	0	1.1	0.2	30
-40.582792	-64.99761	13.1.2021	1245	42.42	GPS	macho	29.0	12.3	20.6	7.4	37.0	W	27.9	1014.8	0	1.1	0.2	30
-40.582737	-64.99745899999999	13.1.2021	1256	40.61	GPS	macho	29.0	12.3	20.6	7.4	37.0	W	27.9	1014.8	0	1.1	0.2	30
-40.582538	-64.997252	13.1.2021	1306	40.02	GPS	macho	29.0	12.3	20.6	8.7	39.3	WNW	28.4	1014.6	0	1.3	0.3	30
-40.582279	-64.997017	13.1.2021	1316	42.24	GPS	macho	29.0	12.3	20.6	8.7	39.3	WNW	28.4	1014.6	0	1.3	0.3	30
-40.58214	-64.996921	13.1.2021	1326	45.81	GPS	macho	29.0	12.3	20.6	8.7	39.3	WNW	28.4	1014.6	0	1.3	0.3	30
-40.582038	-64.996882	13.1.2021	1336	43.51	GPS	macho	29.0	12.3	20.6	8.7	39.3	WNW	28.4	1014.6	0	1.3	0.3	30
-40.582046000000005	-64.996876	13.1.2021	1346	36.24	GPS	macho	29.0	12.3	20.6	8.7	39.3	WNW	28.4	1014.6	0	1.3	0.3	30
-40.582043	-64.996877	13.1.2021	1356	34.16	GPS	macho	29.0	12.3	20.6	8.7	39.3	WNW	28.4	1014.6	0	1.3	0.3	30
-40.582035999999995	-64.996886	13.1.2021	1406	33.27	GPS	macho	29.0	12.3	20.6	9.2	39.9	WNW	27.9	1014.6	0	1.5	0.4	30
-40.582044	-64.9969	13.1.2021	1416	39.97	GPS	macho	29.0	12.3	20.6	9.2	39.9	WNW	27.9	1014.6	0	1.5	0.4	30
-40.582039	-64.996893	13.1.2021	1426	38.02	GPS	macho	29.0	12.3	20.6	9.2	39.9	WNW	27.9	1014.6	0	1.5	0.4	30
-40.581905	-64.996909	13.1.2021	1436	35.86	GPS	macho	29.0	12.3	20.6	9.2	39.9	WNW	27.9	1014.6	0	1.5	0.4	30
-40.582017	-64.99690600000001	13.1.2021	1446	35.68	GPS	macho	29.0	12.3	20.6	9.2	39.9	WNW	27.9	1014.6	0	1.5	0.4	30
-40.582029999999996	-64.996901	13.1.2021	1456	35.72	GPS	macho	29.0	12.3	20.6	9.2	39.9	WNW	27.9	1014.6	0	1.5	0.4	30
-40.582042	-64.996892	13.1.2021	1506	35.03	GPS	macho	29.0	12.3	20.6	9.3	39.7	W	27.2	1014.5	0	1.5	0.5	30
-40.582042	-64.996876	13.1.2021	1516	34.83	GPS	macho	29.0	12.3	20.6	9.3	39.7	W	27.2	1014.5	0	1.5	0.5	30
-40.582029	-64.996895	13.1.2021	1526	34.9	GPS	macho	29.0	12.3	20.6	9.3	39.7	W	27.2	1014.5	0	1.5	0.5	30
-40.582037	-64.99688	13.1.2021	1536	34.88	GPS	macho	29.0	12.3	20.6	9.3	39.7	W	27.2	1014.5	0	1.5	0.5	30
-40.582045	-64.996837	13.1.2021	1546	34.99	GPS	macho	29.0	12.3	20.6	9.3	39.7	W	27.2	1014.5	0	1.5	0.5	30
-40.582044	-64.996895	13.1.2021	1557	35.08	GPS	macho	29.0	12.3	20.6	9.3	39.7	W	27.2	1014.5	0	1.5	0.5	30
-40.582039	-64.996884	13.1.2021	1607	35.28	GPS	macho	29.0	12.3	20.6	9.6	39.9	SSE	25.5	1014.5	0	1.5	0.6	30
-40.582046999999996	-64.996893	13.1.2021	1616	35.7	GPS	macho	29.0	12.3	20.6	9.6	39.9	SSE	25.5	1014.5	0	1.5	0.6	30
-40.582034	-64.996895	13.1.2021	1627	35.62	GPS	macho	29.0	12.3	20.6	9.6	39.9	SSE	25.5	1014.5	0	1.5	0.6	30
-40.582029999999996	-64.996903	13.1.2021	1636	35.38	GPS	macho	29.0	12.3	20.6	9.6	39.9	SSE	25.5	1014.5	0	1.5	0.6	30
-40.582031	-64.996907	13.1.2021	1646	35.6	GPS	macho	29.0	12.3	20.6	9.6	39.9	SSE	25.5	1014.5	0	1.5	0.6	30
-40.582049	-64.996951	13.1.2021	1657	35.66	GPS	macho	29.0	12.3	20.6	9.6	39.9	SSE	25.5	1014.5	0	1.5	0.6	30
-40.582021000000005	-64.996884	13.1.2021	1707	36.42	GPS	macho	29.0	12.3	20.6	10.1	41.4	ESE	24.2	1014.6	0	1.4	0.8	30
-40.582015999999996	-64.996889	13.1.2021	1717	37.32	GPS	macho	29.0	12.3	20.6	10.1	41.4	ESE	24.2	1014.6	0	1.4	0.8	30
-40.582	-64.996881	13.1.2021	1727	35.76	GPS	macho	29.0	12.3	20.6	10.1	41.4	ESE	24.2	1014.6	0	1.4	0.8	30
-40.582085	-64.996859	13.1.2021	1737	35.7	GPS	macho	29.0	12.3	20.6	10.1	41.4	ESE	24.2	1014.6	0	1.4	0.8	30
-40.582046000000005	-64.996888	13.1.2021	1747	36.09	GPS	macho	29.0	12.3	20.6	10.1	41.4	ESE	24.2	1014.6	0	1.4	0.8	30
-40.582097	-64.996922	13.1.2021	1757	36.3	GPS	macho	29.0	12.3	20.6	10.1	41.4	ESE	24.2	1014.6	0	1.4	0.8	30
-40.58204	-64.996892	13.1.2021	1807	37.52	GPS	macho	29.0	12.3	20.6	10.7	43.0	SE	22.4	1014.7	0	1.5	1.1	30
-40.58202	-64.99691	13.1.2021	1817	39.74	GPS	macho	29.0	12.3	20.6	10.7	43.0	SE	22.4	1014.7	0	1.5	1.1	30
-40.58204	-64.996897	13.1.2021	1827	38.98	GPS	macho	29.0	12.3	20.6	10.7	43.0	SE	22.4	1014.7	0	1.5	1.1	30
-40.582037	-64.996881	13.1.2021	1837	38.46	GPS	macho	29.0	12.3	20.6	10.7	43.0	SE	22.4	1014.7	0	1.5	1.1	30
-40.582018	-64.996942	13.1.2021	1847	37.91	GPS	macho	29.0	12.3	20.6	10.7	43.0	SE	22.4	1014.7	0	1.5	1.1	30
-40.582017	-64.996987	13.1.2021	1857	37.45	GPS	macho	29.0	12.3	20.6	10.7	43.0	SE	22.4	1014.7	0	1.5	1.1	30
-40.582031	-64.996882	13.1.2021	1907	37.34	GPS	macho	29.0	12.3	20.6	11.2	44.9	SE	21.1	1014.9	0	1.5	1.4	30
-40.582046999999996	-64.99693	13.1.2021	1917	37.54	GPS	macho	29.0	12.3	20.6	11.2	44.9	SE	21.1	1014.9	0	1.5	1.4	30
-40.582051	-64.99691700000001	13.1.2021	1927	37.85	GPS	macho	29.0	12.3	20.6	11.2	44.9	SE	21.1	1014.9	0	1.5	1.4	30
-40.582033	-64.996887	13.1.2021	1937	37.19	GPS	macho	29.0	12.3	20.6	11.2	44.9	SE	21.1	1014.9	0	1.5	1.4	30
-40.582029	-64.996876	13.1.2021	1947	37.27	GPS	macho	29.0	12.3	20.6	11.2	44.9	SE	21.1	1014.9	0	1.5	1.4	30
-40.582031	-64.996875	13.1.2021	1958	36.87	GPS	macho	29.0	12.3	20.6	11.2	44.9	SE	21.1	1014.9	0	1.5	1.4	30
-40.582004	-64.99689000000001	13.1.2021	2007	37.68	GPS	macho	29.0	12.3	20.6	11.4	45.7	SE	20.8	1015.2	0	1.8	1.4	30
-40.582009	-64.996871	13.1.2021	2018	37.48	GPS	macho	29.0	12.3	20.6	11.4	45.7	SE	20.8	1015.2	0	1.8	1.4	30
-40.582106	-64.996901	13.1.2021	2028	37.28	GPS	macho	29.0	12.3	20.6	11.4	45.7	SE	20.8	1015.2	0	1.8	1.4	30
-40.581987	-64.996841	13.1.2021	2038	36.87	GPS	macho	29.0	12.3	20.6	11.4	45.7	SE	20.8	1015.2	0	1.8	1.4	30
-40.582017	-64.996877	13.1.2021	2048	36.68	GPS	macho	29.0	12.3	20.6	11.4	45.7	SE	20.8	1015.2	0	1.8	1.4	30
-40.58197	-64.996703	13.1.2021	2058	40.7	GPS	macho	29.0	12.3	20.6	11.4	45.7	SE	20.8	1015.2	0	1.8	1.4	30
-40.581781	-64.996413	13.1.2021	2108	42.42	GPS	macho	29.0	12.3	20.6	12.0	47.3	ESE	20.4	1015.5	0	2.3	1.5	30
-40.581705	-64.99633299999999	13.1.2021	2118	41.13	GPS	macho	29.0	12.3	20.6	12.0	47.3	ESE	20.4	1015.5	0	2.3	1.5	30
-40.58178	-64.996299	13.1.2021	2128	38.72	GPS	macho	29.0	12.3	20.6	12.0	47.3	ESE	20.4	1015.5	0	2.3	1.5	30
-40.581727	-64.996354	13.1.2021	2138	37.69	GPS	macho	29.0	12.3	20.6	12.0	47.3	ESE	20.4	1015.5	0	2.3	1.5	30
-40.581742	-64.99632199999999	13.1.2021	2148	37.4	GPS	macho	29.0	12.3	20.6	12.0	47.3	ESE	20.4	1015.5	0	2.3	1.5	30
-40.58173	-64.99634300000001	13.1.2021	2158	36.91	GPS	macho	29.0	12.3	20.6	12.0	47.3	ESE	20.4	1015.5	0	2.3	1.5	30
-40.581753000000006	-64.99630400000001	13.1.2021	2208	36.51	GPS	macho	28.3	12.3	17.3	12.5	48.5	ESE	20.0	1016.1	0	2.8	1.5	30
-40.581717	-64.996382	13.1.2021	2218	36.4	GPS	macho	28.3	12.3	17.3	12.5	48.5	ESE	20.0	1016.1	0	2.8	1.5	30
-40.581715	-64.996369	13.1.2021	2228	36.42	GPS	macho	28.3	12.3	17.3	12.5	48.5	ESE	20.0	1016.1	0	2.8	1.5	30
-40.581714	-64.99637299999999	13.1.2021	2238	35.94	GPS	macho	28.3	12.3	17.3	12.5	48.5	ESE	20.0	1016.1	0	2.8	1.5	30
-40.581721	-64.996359	13.1.2021	2248	35.54	GPS	macho	28.3	12.3	17.3	12.5	48.5	ESE	20.0	1016.1	0	2.8	1.5	30
-40.581738	-64.996379	13.1.2021	2258	35.19	GPS	macho	28.3	12.3	17.3	12.5	48.5	ESE	20.0	1016.1	0	2.8	1.5	30
