lat	lon	date	time	tempIMU	metodologia	sexo	tempmax(C)	tempmin(C)	tempmed(C)	Temprocíomediadiaria(C)	Humedadrelativadiaria(%)	vientodir	viento(km/h)vel	Presionsobreniveldelmar(Hp)	Prec(mm)	NubesTotOct	NubbajOct	Vis(km)
-40.584233000000005	-64.998688	11.1.2021	1119	22.07	GPS	macho	33.0	20.5	26.8	0.6	17.4	WNW	37.5	1005.2	0	3.9	1.1	30
-40.584236	-64.998684	11.1.2021	1129	22.49	GPS	macho	33.0	20.5	26.8	0.6	17.4	WNW	37.5	1005.2	0	3.9	1.1	30
-40.584233000000005	-64.998676	11.1.2021	1139	22.0	GPS	macho	33.0	20.5	26.8	0.6	17.4	WNW	37.5	1005.2	0	3.9	1.1	30
-40.584195	-64.998666	11.1.2021	1149	22.12	GPS	macho	33.0	20.5	26.8	0.6	17.4	WNW	37.5	1005.2	0	3.9	1.1	30
-40.584224	-64.998699	11.1.2021	1159	22.17	GPS	macho	33.0	20.5	26.8	0.6	17.4	WNW	37.5	1005.2	0	3.9	1.1	30
-40.584235	-64.998689	11.1.2021	1209	22.09	GPS	macho	33.0	14.0	23.5	0.8	18.5	WNW	37.5	1007.3	0	3.8	1.5	30
-40.584237	-64.998693	11.1.2021	1219	22.08	GPS	macho	33.0	14.0	23.5	0.8	18.5	WNW	37.5	1007.3	0	3.8	1.5	30
-40.584227	-64.998695	11.1.2021	1229	22.05	GPS	macho	33.0	14.0	23.5	0.8	18.5	WNW	37.5	1007.3	0	3.8	1.5	30
-40.584216999999995	-64.998694	11.1.2021	1239	22.12	GPS	macho	33.0	14.0	23.5	0.8	18.5	WNW	37.5	1007.3	0	3.8	1.5	30
-40.584237	-64.99869699999999	11.1.2021	1249	22.18	GPS	macho	33.0	14.0	23.5	0.8	18.5	WNW	37.5	1007.3	0	3.8	1.5	30
-40.584226	-64.99869699999999	11.1.2021	1259	22.07	GPS	macho	33.0	14.0	23.5	0.8	18.5	WNW	37.5	1007.3	0	3.8	1.5	30
-40.584236	-64.998701	11.1.2021	1309	22.2	GPS	macho	33.0	14.0	23.5	0.8	19.1	WNW	38.5	1008.7	0	3.8	1.8	30
-40.584229	-64.998701	11.1.2021	1319	22.17	GPS	macho	33.0	14.0	23.5	0.8	19.1	WNW	38.5	1008.7	0	3.8	1.8	30
-40.584234	-64.998694	11.1.2021	1329	22.33	GPS	macho	33.0	14.0	23.5	0.8	19.1	WNW	38.5	1008.7	0	3.8	1.8	30
-40.584224	-64.998695	11.1.2021	1339	22.54	GPS	macho	33.0	14.0	23.5	0.8	19.1	WNW	38.5	1008.7	0	3.8	1.8	30
-40.584237	-64.99869699999999	11.1.2021	1349	22.79	GPS	macho	33.0	14.0	23.5	0.8	19.1	WNW	38.5	1008.7	0	3.8	1.8	30
-40.584238	-64.998705	11.1.2021	1359	22.5	GPS	macho	33.0	14.0	23.5	0.8	19.1	WNW	38.5	1008.7	0	3.8	1.8	30
-40.584226	-64.998704	11.1.2021	1409	22.28	GPS	macho	33.0	14.0	23.5	0.4	19.1	WNW	36.9	1009.5	0	3.8	2.2	30
-40.584236	-64.998705	11.1.2021	1419	22.44	GPS	macho	33.0	14.0	23.5	0.4	19.1	WNW	36.9	1009.5	0	3.8	2.2	30
-40.584215	-64.998688	11.1.2021	1430	22.83	GPS	macho	33.0	14.0	23.5	0.4	19.1	WNW	36.9	1009.5	0	3.8	2.2	30
-40.584235	-64.998678	11.1.2021	1439	23.32	GPS	macho	33.0	14.0	23.5	0.4	19.1	WNW	36.9	1009.5	0	3.8	2.2	30
-40.584229	-64.998694	11.1.2021	1449	24.42	GPS	macho	33.0	14.0	23.5	0.4	19.1	WNW	36.9	1009.5	0	3.8	2.2	30
-40.584235	-64.99868599999999	11.1.2021	1459	25.36	GPS	macho	33.0	14.0	23.5	0.4	19.1	WNW	36.9	1009.5	0	3.8	2.2	30
-40.584117	-64.998657	11.1.2021	1510	31.31	GPS	macho	33.0	14.0	23.5	0.6	19.6	WNW	36.8	1009.5	0	3.8	2.3	30
-40.584146000000004	-64.998591	11.1.2021	1520	43.7	GPS	macho	33.0	14.0	23.5	0.6	19.6	WNW	36.8	1009.5	0	3.8	2.3	30
-40.584037	-64.998474	11.1.2021	1530	45.6	GPS	macho	33.0	14.0	23.5	0.6	19.6	WNW	36.8	1009.5	0	3.8	2.3	30
-40.583918	-64.998456	11.1.2021	1540	47.3	GPS	macho	33.0	14.0	23.5	0.6	19.6	WNW	36.8	1009.5	0	3.8	2.3	30
-40.583872	-64.998649	11.1.2021	1550	42.14	GPS	macho	33.0	14.0	23.5	0.6	19.6	WNW	36.8	1009.5	0	3.8	2.3	30
-40.583933	-64.998717	11.1.2021	1600	36.22	GPS	macho	33.0	14.0	23.5	0.4	20.0	W	35.8	1010.0	0	3.8	2.7	30
-40.583937	-64.998715	11.1.2021	1610	31.04	GPS	macho	33.0	14.0	23.5	0.4	20.0	W	35.8	1010.0	0	3.8	2.7	30
-40.583944	-64.998717	11.1.2021	1620	30.36	GPS	macho	33.0	14.0	23.5	0.4	20.0	W	35.8	1010.0	0	3.8	2.7	30
-40.583946000000005	-64.998713	11.1.2021	1630	28.59	GPS	macho	33.0	14.0	23.5	0.4	20.0	W	35.8	1010.0	0	3.8	2.7	30
-40.583945	-64.998706	11.1.2021	1640	27.85	GPS	macho	33.0	14.0	23.5	0.4	20.0	W	35.8	1010.0	0	3.8	2.7	30
-40.58384	-64.998571	11.1.2021	1650	33.09	GPS	macho	33.0	14.0	23.5	0.4	20.0	W	35.8	1010.0	0	3.8	2.7	30
-40.583884999999995	-64.998524	11.1.2021	1700	34.53	GPS	macho	33.0	14.0	23.5	0.1	20.3	W	33.4	1010.4	0	4.1	3.0	30
-40.583933	-64.99858499999999	11.1.2021	1710	36.48	GPS	macho	33.0	14.0	23.5	0.1	20.3	W	33.4	1010.4	0	4.1	3.0	30
-40.583978	-64.998593	11.1.2021	1720	41.01	GPS	macho	33.0	14.0	23.5	0.1	20.3	W	33.4	1010.4	0	4.1	3.0	30
-40.583988	-64.998591	11.1.2021	1730	33.77	GPS	macho	33.0	14.0	23.5	0.1	20.3	W	33.4	1010.4	0	4.1	3.0	30
-40.583977000000004	-64.998593	11.1.2021	1740	32.18	GPS	macho	33.0	14.0	23.5	0.1	20.3	W	33.4	1010.4	0	4.1	3.0	30
-40.583982	-64.998589	11.1.2021	1750	31.34	GPS	macho	33.0	14.0	23.5	0.1	20.3	W	33.4	1010.4	0	4.1	3.0	30
-40.583991	-64.99860699999999	11.1.2021	1801	31.07	GPS	macho	33.0	14.0	23.5	0.2	20.9	W	32.1	1010.7	0	4.3	3.2	30
-40.584207	-64.998598	11.1.2021	1811	31.09	GPS	macho	33.0	14.0	23.5	0.2	20.9	W	32.1	1010.7	0	4.3	3.2	30
-40.583982	-64.99859599999999	11.1.2021	1820	30.92	GPS	macho	33.0	14.0	23.5	0.2	20.9	W	32.1	1010.7	0	4.3	3.2	30
-40.583975	-64.9986	11.1.2021	1830	30.67	GPS	macho	33.0	14.0	23.5	0.2	20.9	W	32.1	1010.7	0	4.3	3.2	30
-40.583987	-64.998592	11.1.2021	1841	30.76	GPS	macho	33.0	14.0	23.5	0.2	20.9	W	32.1	1010.7	0	4.3	3.2	30
