lat	lon	date	time	tempIMU	metodologia	sexo	tempmax(C)	tempmin(C)	tempmed(C)	Temprocíomediadiaria(C)	Humedadrelativadiaria(%)	vientodir	viento(km/h)vel	Presionsobreniveldelmar(Hp)	Prec(mm)	NubesTotOct	NubbajOct	Vis(km)
-40.584232	-64.994026	13.1.2021	1054	22.62	GPS	hembra	29.0	18.5	23.8	6.9	36.3	WSW	26.8	1014.5	*	0.8	0.0	30
-40.584243	-64.994038	13.1.2021	1103	22.44	GPS	hembra	29.0	18.5	23.8	6.9	36.3	WSW	26.8	1014.5	*	0.8	0.0	30
-40.584154	-64.993998	13.1.2021	1113	23.18	GPS	hembra	29.0	18.5	23.8	6.9	36.3	WSW	26.8	1014.5	*	0.8	0.0	30
-40.584224	-64.994028	13.1.2021	1123	24.58	GPS	hembra	29.0	18.5	23.8	6.9	36.3	WSW	26.8	1014.5	*	0.8	0.0	30
-40.584222	-64.99403199999999	13.1.2021	1133	25.07	GPS	hembra	29.0	18.5	23.8	6.9	36.3	WSW	26.8	1014.5	*	0.8	0.0	30
-40.584182	-64.994008	13.1.2021	1143	27.02	GPS	hembra	29.0	18.5	23.8	6.9	36.3	WSW	26.8	1014.5	*	0.8	0.0	30
-40.584225	-64.994024	13.1.2021	1153	29.12	GPS	hembra	29.0	18.5	23.8	6.9	36.3	WSW	26.8	1014.5	*	0.8	0.0	30
-40.584209	-64.994026	13.1.2021	1203	31.3	GPS	hembra	29.0	12.3	20.6	7.4	37.0	W	27.9	1014.8	0	1.1	0.2	30
-40.584208000000004	-64.99404200000001	13.1.2021	1213	33.41	GPS	hembra	29.0	12.3	20.6	7.4	37.0	W	27.9	1014.8	0	1.1	0.2	30
-40.584204	-64.994039	13.1.2021	1223	35.59	GPS	hembra	29.0	12.3	20.6	7.4	37.0	W	27.9	1014.8	0	1.1	0.2	30
-40.584225	-64.994004	13.1.2021	1232	37.57	GPS	hembra	29.0	12.3	20.6	7.4	37.0	W	27.9	1014.8	0	1.1	0.2	30
-40.584206	-64.994011	13.1.2021	1242	40.87	GPS	hembra	29.0	12.3	20.6	7.4	37.0	W	27.9	1014.8	0	1.1	0.2	30
-40.584224	-64.994017	13.1.2021	1252	42.19	GPS	hembra	29.0	12.3	20.6	7.4	37.0	W	27.9	1014.8	0	1.1	0.2	30
-40.584218	-64.994024	13.1.2021	1302	44.22	GPS	hembra	29.0	12.3	20.6	8.7	39.3	WNW	28.4	1014.6	0	1.3	0.3	30
-40.58405	-64.993964	13.1.2021	1312	43.6	GPS	hembra	29.0	12.3	20.6	8.7	39.3	WNW	28.4	1014.6	0	1.3	0.3	30
-40.584077	-64.994318	13.1.2021	1322	46.31	GPS	hembra	29.0	12.3	20.6	8.7	39.3	WNW	28.4	1014.6	0	1.3	0.3	30
-40.58409	-64.994597	13.1.2021	1332	47.66	GPS	hembra	29.0	12.3	20.6	8.7	39.3	WNW	28.4	1014.6	0	1.3	0.3	30
-40.584088	-64.994766	13.1.2021	1342	41.64	GPS	hembra	29.0	12.3	20.6	8.7	39.3	WNW	28.4	1014.6	0	1.3	0.3	30
-40.584094	-64.99476800000001	13.1.2021	1352	37.45	GPS	hembra	29.0	12.3	20.6	8.7	39.3	WNW	28.4	1014.6	0	1.3	0.3	30
-40.584098	-64.99476700000001	13.1.2021	1401	35.92	GPS	hembra	29.0	12.3	20.6	9.2	39.9	WNW	27.9	1014.6	0	1.5	0.4	30
-40.584097	-64.994775	13.1.2021	1411	34.93	GPS	hembra	29.0	12.3	20.6	9.2	39.9	WNW	27.9	1014.6	0	1.5	0.4	30
-40.584082	-64.99476	13.1.2021	1421	34.8	GPS	hembra	29.0	12.3	20.6	9.2	39.9	WNW	27.9	1014.6	0	1.5	0.4	30
-40.584095	-64.994743	13.1.2021	1431	34.73	GPS	hembra	29.0	12.3	20.6	9.2	39.9	WNW	27.9	1014.6	0	1.5	0.4	30
-40.584075	-64.99476700000001	13.1.2021	1441	34.88	GPS	hembra	29.0	12.3	20.6	9.2	39.9	WNW	27.9	1014.6	0	1.5	0.4	30
-40.584084999999995	-64.994766	13.1.2021	1451	35.6	GPS	hembra	29.0	12.3	20.6	9.2	39.9	WNW	27.9	1014.6	0	1.5	0.4	30
-40.584114	-64.994742	13.1.2021	1501	37.8	GPS	hembra	29.0	12.3	20.6	9.3	39.7	W	27.2	1014.5	0	1.5	0.5	30
-40.584115999999995	-64.99475600000001	13.1.2021	1511	38.39	GPS	hembra	29.0	12.3	20.6	9.3	39.7	W	27.2	1014.5	0	1.5	0.5	30
-40.584099	-64.994764	13.1.2021	1520	39.59	GPS	hembra	29.0	12.3	20.6	9.3	39.7	W	27.2	1014.5	0	1.5	0.5	30
-40.584065	-64.994759	13.1.2021	1530	40.33	GPS	hembra	29.0	12.3	20.6	9.3	39.7	W	27.2	1014.5	0	1.5	0.5	30
-40.584115000000004	-64.994785	13.1.2021	1540	40.7	GPS	hembra	29.0	12.3	20.6	9.3	39.7	W	27.2	1014.5	0	1.5	0.5	30
-40.584168	-64.994782	13.1.2021	1550	40.1	GPS	hembra	29.0	12.3	20.6	9.3	39.7	W	27.2	1014.5	0	1.5	0.5	30
-40.584095	-64.994775	13.1.2021	1601	39.13	GPS	hembra	29.0	12.3	20.6	9.6	39.9	SSE	25.5	1014.5	0	1.5	0.6	30
-40.584129	-64.994786	13.1.2021	1610	38.79	GPS	hembra	29.0	12.3	20.6	9.6	39.9	SSE	25.5	1014.5	0	1.5	0.6	30
-40.583863	-64.99524	13.1.2021	1620	39.12	GPS	hembra	29.0	12.3	20.6	9.6	39.9	SSE	25.5	1014.5	0	1.5	0.6	30
-40.584123999999996	-64.994807	13.1.2021	1630	39.79	GPS	hembra	29.0	12.3	20.6	9.6	39.9	SSE	25.5	1014.5	0	1.5	0.6	30
-40.584126	-64.99472	13.1.2021	1640	43.28	GPS	hembra	29.0	12.3	20.6	9.6	39.9	SSE	25.5	1014.5	0	1.5	0.6	30
-40.584064	-64.9948	13.1.2021	1650	41.94	GPS	hembra	29.0	12.3	20.6	9.6	39.9	SSE	25.5	1014.5	0	1.5	0.6	30
-40.584082	-64.994755	13.1.2021	1659	42.11	GPS	hembra	29.0	12.3	20.6	9.6	39.9	SSE	25.5	1014.5	0	1.5	0.6	30
-40.584126	-64.994793	13.1.2021	1709	42.6	GPS	hembra	29.0	12.3	20.6	10.1	41.4	ESE	24.2	1014.6	0	1.4	0.8	30
-40.584092	-64.994731	13.1.2021	1719	41.41	GPS	hembra	29.0	12.3	20.6	10.1	41.4	ESE	24.2	1014.6	0	1.4	0.8	30
-40.584102	-64.994762	13.1.2021	1729	39.11	GPS	hembra	29.0	12.3	20.6	10.1	41.4	ESE	24.2	1014.6	0	1.4	0.8	30
-40.584131	-64.994736	13.1.2021	1759	40.02	GPS	hembra	29.0	12.3	20.6	10.1	41.4	ESE	24.2	1014.6	0	1.4	0.8	30
-40.58453	-64.995129	13.1.2021	1809	40.56	GPS	hembra	29.0	12.3	20.6	10.7	43.0	SE	22.4	1014.7	0	1.5	1.1	30
-40.584182	-64.994901	13.1.2021	1818	43.4	GPS	hembra	29.0	12.3	20.6	10.7	43.0	SE	22.4	1014.7	0	1.5	1.1	30
-40.584084000000004	-64.993831	13.1.2021	1908	42.23	GPS	hembra	29.0	12.3	20.6	11.2	44.9	SE	21.1	1014.9	0	1.5	1.4	30
-40.584216	-64.994052	13.1.2021	1918	41.84	GPS	hembra	29.0	12.3	20.6	11.2	44.9	SE	21.1	1014.9	0	1.5	1.4	30
-40.584253000000004	-64.99409399999999	13.1.2021	1928	42.92	GPS	hembra	29.0	12.3	20.6	11.2	44.9	SE	21.1	1014.9	0	1.5	1.4	30
-40.584218	-64.994157	13.1.2021	1938	41.04	GPS	hembra	29.0	12.3	20.6	11.2	44.9	SE	21.1	1014.9	0	1.5	1.4	30
-40.584199	-64.994072	13.1.2021	1948	40.62	GPS	hembra	29.0	12.3	20.6	11.2	44.9	SE	21.1	1014.9	0	1.5	1.4	30
-40.584219	-64.99415	13.1.2021	1957	39.9	GPS	hembra	29.0	12.3	20.6	11.2	44.9	SE	21.1	1014.9	0	1.5	1.4	30
-40.584216999999995	-64.99415400000001	13.1.2021	2007	40.26	GPS	hembra	29.0	12.3	20.6	11.4	45.7	SE	20.8	1015.2	0	1.8	1.4	30
-40.584249	-64.994079	13.1.2021	2018	40.03	GPS	hembra	29.0	12.3	20.6	11.4	45.7	SE	20.8	1015.2	0	1.8	1.4	30
-40.584205	-64.994097	13.1.2021	2027	39.87	GPS	hembra	29.0	12.3	20.6	11.4	45.7	SE	20.8	1015.2	0	1.8	1.4	30
-40.584343	-64.99399100000001	13.1.2021	2037	39.22	GPS	hembra	29.0	12.3	20.6	11.4	45.7	SE	20.8	1015.2	0	1.8	1.4	30
-40.584149	-64.994114	13.1.2021	2047	38.91	GPS	hembra	29.0	12.3	20.6	11.4	45.7	SE	20.8	1015.2	0	1.8	1.4	30
-40.584255	-64.993988	13.1.2021	2057	38.87	GPS	hembra	29.0	12.3	20.6	11.4	45.7	SE	20.8	1015.2	0	1.8	1.4	30
-40.58425	-64.99399	13.1.2021	2107	39.03	GPS	hembra	29.0	12.3	20.6	12.0	47.3	ESE	20.4	1015.5	0	2.3	1.5	30
-40.584177000000004	-64.994107	13.1.2021	2117	38.85	GPS	hembra	29.0	12.3	20.6	12.0	47.3	ESE	20.4	1015.5	0	2.3	1.5	30
-40.584177000000004	-64.994073	13.1.2021	2126	38.36	GPS	hembra	29.0	12.3	20.6	12.0	47.3	ESE	20.4	1015.5	0	2.3	1.5	30
-40.584178	-64.99408299999999	13.1.2021	2136	37.95	GPS	hembra	29.0	12.3	20.6	12.0	47.3	ESE	20.4	1015.5	0	2.3	1.5	30
-40.584226	-64.994026	13.1.2021	2146	37.84	GPS	hembra	29.0	12.3	20.6	12.0	47.3	ESE	20.4	1015.5	0	2.3	1.5	30
-40.584144	-64.99412099999999	13.1.2021	2157	37.5	GPS	hembra	29.0	12.3	20.6	12.0	47.3	ESE	20.4	1015.5	0	2.3	1.5	30
-40.584208000000004	-64.99404	13.1.2021	2206	37.48	GPS	hembra	28.3	12.3	17.3	12.5	48.5	ESE	20.0	1016.1	0	2.8	1.5	30
-40.58414000000001	-64.994111	13.1.2021	2216	37.43	GPS	hembra	28.3	12.3	17.3	12.5	48.5	ESE	20.0	1016.1	0	2.8	1.5	30
-40.584173	-64.99410300000001	13.1.2021	2226	37.42	GPS	hembra	28.3	12.3	17.3	12.5	48.5	ESE	20.0	1016.1	0	2.8	1.5	30
-40.584168	-64.99410999999999	13.1.2021	2236	37.12	GPS	hembra	28.3	12.3	17.3	12.5	48.5	ESE	20.0	1016.1	0	2.8	1.5	30
