lat	lon	date	time	tempIMU	metodologia	sexo	tempmax(C)	tempmin(C)	tempmed(C)	Temprocíomediadiaria(C)	Humedadrelativadiaria(%)	vientodir	viento(km/h)vel	Presionsobreniveldelmar(Hp)	Prec(mm)	NubesTotOct	NubbajOct	Vis(km)
-40.584221	-64.99405300000001	12.1.2021	4	23.53	GPS	hembra	28.0	14.0	21.0	2.2	32.1	SSW	22.2	1012.6	0	3.8	3.8	30
-40.584175	-64.993978	12.1.2021	9	23.28	GPS	hembra	28.0	14.0	21.0	2.2	32.1	SSW	22.2	1012.6	0	3.8	3.8	30
-40.584216999999995	-64.994039	12.1.2021	15	22.94	GPS	hembra	28.0	14.0	21.0	2.2	32.1	SSW	22.2	1012.6	0	3.8	3.8	30
-40.584236	-64.994022	12.1.2021	20	22.98	GPS	hembra	28.0	14.0	21.0	2.2	32.1	SSW	22.2	1012.6	0	3.8	3.8	30
-40.584207	-64.994036	12.1.2021	25	22.75	GPS	hembra	28.0	14.0	21.0	2.2	32.1	SSW	22.2	1012.6	0	3.8	3.8	30
-40.58422	-64.994007	12.1.2021	30	22.54	GPS	hembra	28.0	14.0	21.0	2.2	32.1	SSW	22.2	1012.6	0	3.8	3.8	30
-40.584272999999996	-64.99395	12.1.2021	35	22.1	GPS	hembra	28.0	14.0	21.0	2.2	32.1	SSW	22.2	1012.6	0	3.8	3.8	30
-40.584247	-64.993989	12.1.2021	40	21.92	GPS	hembra	28.0	14.0	21.0	2.2	32.1	SSW	22.2	1012.6	0	3.8	3.8	30
-40.584086	-64.994038	12.1.2021	45	21.74	GPS	hembra	28.0	14.0	21.0	2.2	32.1	SSW	22.2	1012.6	0	3.8	3.8	30
-40.584283	-64.994037	12.1.2021	50	21.43	GPS	hembra	28.0	14.0	21.0	2.2	32.1	SSW	22.2	1012.6	0	3.8	3.8	30
-40.584308	-64.99398199999999	12.1.2021	55	21.21	GPS	hembra	28.0	14.0	21.0	2.2	32.1	SSW	22.2	1012.6	0	3.8	3.8	30
-40.5843	-64.994031	12.1.2021	100	20.96	GPS	hembra	28.0	14.0	18.9	2.2	32.1	SSW	22.2	1012.6	0	3.8	3.8	30
-40.584205	-64.994007	12.1.2021	105	20.64	GPS	hembra	28.0	14.0	18.9	2.2	32.1	SSW	22.2	1012.6	0	3.8	3.8	30
-40.584416999999995	-64.993996	12.1.2021	110	20.34	GPS	hembra	28.0	14.0	18.9	2.2	32.1	SSW	22.2	1012.6	0	3.8	3.8	30
-40.584388	-64.994	12.1.2021	115	20.05	GPS	hembra	28.0	14.0	18.9	2.2	32.1	SSW	22.2	1012.6	0	3.8	3.8	30
-40.58417100000001	-64.99404100000001	12.1.2021	120	19.83	GPS	hembra	28.0	14.0	18.9	2.2	32.1	SSW	22.2	1012.6	0	3.8	3.8	30
-40.584067	-64.993976	12.1.2021	126	19.54	GPS	hembra	28.0	14.0	18.9	2.2	32.1	SSW	22.2	1012.6	0	3.8	3.8	30
-40.584070000000004	-64.993981	12.1.2021	131	19.77	GPS	hembra	28.0	14.0	18.9	2.2	32.1	SSW	22.2	1012.6	0	3.8	3.8	30
-40.584358	-64.994051	12.1.2021	136	19.71	GPS	hembra	28.0	14.0	18.9	2.2	32.1	SSW	22.2	1012.6	0	3.8	3.8	30
-40.584394	-64.994035	12.1.2021	141	19.55	GPS	hembra	28.0	14.0	18.9	2.2	32.1	SSW	22.2	1012.6	0	3.8	3.8	30
-40.584038	-64.994011	12.1.2021	146	19.36	GPS	hembra	28.0	14.0	18.9	2.2	32.1	SSW	22.2	1012.6	0	3.8	3.8	30
-40.584179999999996	-64.994019	12.1.2021	151	19.12	GPS	hembra	28.0	14.0	18.9	2.2	32.1	SSW	22.2	1012.6	0	3.8	3.8	30
-40.584305	-64.994012	12.1.2021	156	18.97	GPS	hembra	28.0	14.0	18.9	2.2	32.1	SSW	22.2	1012.6	0	3.8	3.8	30
-40.584205	-64.994051	12.1.2021	202	18.82	GPS	hembra	28.0	14.0	19.0	2.2	32.1	SSW	22.2	1012.6	0	3.8	3.8	30
-40.584198	-64.993935	12.1.2021	207	19.04	GPS	hembra	28.0	14.0	19.0	2.2	32.1	SSW	22.2	1012.6	0	3.8	3.8	30
-40.584215	-64.993987	12.1.2021	211	18.94	GPS	hembra	28.0	14.0	19.0	2.2	32.1	SSW	22.2	1012.6	0	3.8	3.8	30
-40.584212	-64.993972	12.1.2021	216	18.42	GPS	hembra	28.0	14.0	19.0	2.2	32.1	SSW	22.2	1012.6	0	3.8	3.8	30
-40.58421	-64.994231	12.1.2021	221	18.32	GPS	hembra	28.0	14.0	19.0	2.2	32.1	SSW	22.2	1012.6	0	3.8	3.8	30
-40.584153	-64.994031	12.1.2021	226	18.1	GPS	hembra	28.0	14.0	19.0	2.2	32.1	SSW	22.2	1012.6	0	3.8	3.8	30
-40.584096	-64.994022	12.1.2021	231	17.93	GPS	hembra	28.0	14.0	19.0	2.2	32.1	SSW	22.2	1012.6	0	3.8	3.8	30
-40.584305	-64.99407099999999	12.1.2021	236	17.93	GPS	hembra	28.0	14.0	19.0	2.2	32.1	SSW	22.2	1012.6	0	3.8	3.8	30
-40.584205	-64.99383399999999	12.1.2021	241	17.82	GPS	hembra	28.0	14.0	19.0	2.2	32.1	SSW	22.2	1012.6	0	3.8	3.8	30
-40.58424	-64.994	12.1.2021	246	17.73	GPS	hembra	28.0	14.0	19.0	2.2	32.1	SSW	22.2	1012.6	0	3.8	3.8	30
-40.584241999999996	-64.993887	12.1.2021	256	17.51	GPS	hembra	28.0	14.0	19.0	2.2	32.1	SSW	22.2	1012.6	0	3.8	3.8	30
-40.584301	-64.993962	12.1.2021	302	17.43	GPS	hembra	28.0	14.0	19.2	2.2	32.1	SSW	22.2	1012.6	0	3.8	3.8	30
-40.584229	-64.993999	12.1.2021	307	17.36	GPS	hembra	28.0	14.0	19.2	2.2	32.1	SSW	22.2	1012.6	0	3.8	3.8	30
-40.584484	-64.994025	12.1.2021	312	17.25	GPS	hembra	28.0	14.0	19.2	2.2	32.1	SSW	22.2	1012.6	0	3.8	3.8	30
-40.58430900000001	-64.994062	12.1.2021	317	17.1	GPS	hembra	28.0	14.0	19.2	2.2	32.1	SSW	22.2	1012.6	0	3.8	3.8	30
-40.584421999999996	-64.994035	12.1.2021	322	16.97	GPS	hembra	28.0	14.0	19.2	2.2	32.1	SSW	22.2	1012.6	0	3.8	3.8	30
-40.584394	-64.994047	12.1.2021	327	16.9	GPS	hembra	28.0	14.0	19.2	2.2	32.1	SSW	22.2	1012.6	0	3.8	3.8	30
-40.584377	-64.99404799999999	12.1.2021	332	16.82	GPS	hembra	28.0	14.0	19.2	2.2	32.1	SSW	22.2	1012.6	0	3.8	3.8	30
-40.584145	-64.994022	12.1.2021	337	16.68	GPS	hembra	28.0	14.0	19.2	2.2	32.1	SSW	22.2	1012.6	0	3.8	3.8	30
-40.584159	-64.993965	12.1.2021	342	16.72	GPS	hembra	28.0	14.0	19.2	2.2	32.1	SSW	22.2	1012.6	0	3.8	3.8	30
-40.584209	-64.994045	12.1.2021	348	16.58	GPS	hembra	28.0	14.0	19.2	2.2	32.1	SSW	22.2	1012.6	0	3.8	3.8	30
-40.584168	-64.994129	12.1.2021	352	16.64	GPS	hembra	28.0	14.0	19.2	2.2	32.1	SSW	22.2	1012.6	0	3.8	3.8	30
-40.584208000000004	-64.99403000000001	12.1.2021	357	16.41	GPS	hembra	28.0	14.0	19.2	2.2	32.1	SSW	22.2	1012.6	0	3.8	3.8	30
-40.584313	-64.993833	12.1.2021	402	16.25	GPS	hembra	28.0	14.0	19.3	2.2	32.1	SSW	22.2	1012.6	0	3.8	3.8	30
-40.584214	-64.99394000000001	12.1.2021	408	16.14	GPS	hembra	28.0	14.0	19.3	2.2	32.1	SSW	22.2	1012.6	0	3.8	3.8	30
-40.584227	-64.993965	12.1.2021	413	16.0	GPS	hembra	28.0	14.0	19.3	2.2	32.1	SSW	22.2	1012.6	0	3.8	3.8	30
-40.584245	-64.99399	12.1.2021	418	15.91	GPS	hembra	28.0	14.0	19.3	2.2	32.1	SSW	22.2	1012.6	0	3.8	3.8	30
-40.584181	-64.994095	12.1.2021	423	15.8	GPS	hembra	28.0	14.0	19.3	2.2	32.1	SSW	22.2	1012.6	0	3.8	3.8	30
-40.584208000000004	-64.994017	12.1.2021	428	15.76	GPS	hembra	28.0	14.0	19.3	2.2	32.1	SSW	22.2	1012.6	0	3.8	3.8	30
-40.584137	-64.994045	12.1.2021	433	15.72	GPS	hembra	28.0	14.0	19.3	2.2	32.1	SSW	22.2	1012.6	0	3.8	3.8	30
-40.584167	-64.994117	12.1.2021	438	15.64	GPS	hembra	28.0	14.0	19.3	2.2	32.1	SSW	22.2	1012.6	0	3.8	3.8	30
-40.584215	-64.993964	12.1.2021	443	15.63	GPS	hembra	28.0	14.0	19.3	2.2	32.1	SSW	22.2	1012.6	0	3.8	3.8	30
-40.58430300000001	-64.993996	12.1.2021	448	15.55	GPS	hembra	28.0	14.0	19.3	2.2	32.1	SSW	22.2	1012.6	0	3.8	3.8	30
-40.584297	-64.993915	12.1.2021	453	15.42	GPS	hembra	28.0	14.0	19.3	2.2	32.1	SSW	22.2	1012.6	0	3.8	3.8	30
-40.584163000000004	-64.994078	12.1.2021	458	15.37	GPS	hembra	28.0	14.0	19.3	2.2	32.1	SSW	22.2	1012.6	0	3.8	3.8	30
-40.584143	-64.993999	12.1.2021	503	15.31	GPS	hembra	28.0	14.0	19.4	2.2	32.1	SSW	22.2	1012.6	0	3.8	3.8	30
-40.58425	-64.99413299999999	12.1.2021	509	15.23	GPS	hembra	28.0	14.0	19.4	2.2	32.1	SSW	22.2	1012.6	0	3.8	3.8	30
-40.58419	-64.993983	12.1.2021	514	15.21	GPS	hembra	28.0	14.0	19.4	2.2	32.1	SSW	22.2	1012.6	0	3.8	3.8	30
-40.584182	-64.99402099999999	12.1.2021	519	15.16	GPS	hembra	28.0	14.0	19.4	2.2	32.1	SSW	22.2	1012.6	0	3.8	3.8	30
-40.584226	-64.994006	12.1.2021	524	15.27	GPS	hembra	28.0	14.0	19.4	2.2	32.1	SSW	22.2	1012.6	0	3.8	3.8	30
-40.584199	-64.993844	12.1.2021	529	15.06	GPS	hembra	28.0	14.0	19.4	2.2	32.1	SSW	22.2	1012.6	0	3.8	3.8	30
-40.584215	-64.994254	12.1.2021	534	14.97	GPS	hembra	28.0	14.0	19.4	2.2	32.1	SSW	22.2	1012.6	0	3.8	3.8	30
-40.584239000000004	-64.994077	12.1.2021	544	14.72	GPS	hembra	28.0	14.0	19.4	2.2	32.1	SSW	22.2	1012.6	0	3.8	3.8	30
-40.584224	-64.993884	12.1.2021	549	14.64	GPS	hembra	28.0	14.0	19.4	2.2	32.1	SSW	22.2	1012.6	0	3.8	3.8	30
-40.58423	-64.993959	12.1.2021	554	14.53	GPS	hembra	28.0	14.0	19.4	2.2	32.1	SSW	22.2	1012.6	0	3.8	3.8	30
-40.584187	-64.993848	12.1.2021	559	14.46	GPS	hembra	28.0	14.0	19.4	2.2	32.1	SSW	22.2	1012.6	0	3.8	3.8	30
-40.584225	-64.994086	12.1.2021	604	14.39	GPS	hembra	28.0	14.0	19.6	2.2	32.1	SSW	22.2	1012.6	*	3.8	3.8	30
-40.584169	-64.994062	12.1.2021	609	14.29	GPS	hembra	28.0	14.0	19.6	2.2	32.1	SSW	22.2	1012.6	*	3.8	3.8	30
-40.584227	-64.993943	12.1.2021	615	14.28	GPS	hembra	28.0	14.0	19.6	2.2	32.1	SSW	22.2	1012.6	*	3.8	3.8	30
-40.584184	-64.994063	12.1.2021	620	14.29	GPS	hembra	28.0	14.0	19.6	2.2	32.1	SSW	22.2	1012.6	*	3.8	3.8	30
-40.584288	-64.994024	12.1.2021	625	14.34	GPS	hembra	28.0	14.0	19.6	2.2	32.1	SSW	22.2	1012.6	*	3.8	3.8	30
-40.58421	-64.994051	12.1.2021	630	14.44	GPS	hembra	28.0	14.0	19.6	2.2	32.1	SSW	22.2	1012.6	*	3.8	3.8	30
-40.584323	-64.993931	12.1.2021	635	14.62	GPS	hembra	28.0	14.0	19.6	2.2	32.1	SSW	22.2	1012.6	*	3.8	3.8	30
-40.584145	-64.994136	12.1.2021	640	14.49	GPS	hembra	28.0	14.0	19.6	2.2	32.1	SSW	22.2	1012.6	*	3.8	3.8	30
-40.584177000000004	-64.99411500000001	12.1.2021	645	14.48	GPS	hembra	28.0	14.0	19.6	2.2	32.1	SSW	22.2	1012.6	*	3.8	3.8	30
-40.584207	-64.99401999999999	12.1.2021	650	14.57	GPS	hembra	28.0	14.0	19.6	2.2	32.1	SSW	22.2	1012.6	*	3.8	3.8	30
-40.584182	-64.994135	12.1.2021	655	14.45	GPS	hembra	28.0	14.0	19.6	2.2	32.1	SSW	22.2	1012.6	*	3.8	3.8	30
-40.584278999999995	-64.99400200000001	12.1.2021	700	14.3	GPS	hembra	28.0	14.0	21.0	2.2	32.1	SSW	22.2	1012.6	*	3.8	3.8	30
-40.584222	-64.994091	12.1.2021	1054	23.38	GPS	hembra	24.0	16.8	20.4	2.2	32.1	SSW	22.2	1012.6	*	3.8	3.8	30
-40.584212	-64.99409399999999	12.1.2021	1104	23.96	GPS	hembra	24.0	16.8	20.4	2.2	32.1	SSW	22.2	1012.6	*	3.8	3.8	30
-40.584198	-64.994052	12.1.2021	1113	26.31	GPS	hembra	24.0	16.8	20.4	2.2	32.1	SSW	22.2	1012.6	*	3.8	3.8	30
-40.584212	-64.994075	12.1.2021	1123	28.18	GPS	hembra	24.0	16.8	20.4	2.2	32.1	SSW	22.2	1012.6	*	3.8	3.8	30
-40.584207	-64.99410300000001	12.1.2021	1133	30.43	GPS	hembra	24.0	16.8	20.4	2.2	32.1	SSW	22.2	1012.6	*	3.8	3.8	30
-40.584205	-64.994106	12.1.2021	1143	33.41	GPS	hembra	24.0	16.8	20.4	2.2	32.1	SSW	22.2	1012.6	*	3.8	3.8	30
-40.584196	-64.994033	12.1.2021	1153	35.43	GPS	hembra	24.0	16.8	20.4	2.2	32.1	SSW	22.2	1012.6	*	3.8	3.8	30
-40.584194000000004	-64.994026	12.1.2021	1203	37.54	GPS	hembra	24.0	7.5	15.8	2.0	31.4	SSW	21.2	1013.1	0	3.3	3.6	30
-40.584245	-64.994117	12.1.2021	1213	39.57	GPS	hembra	24.0	7.5	15.8	2.0	31.4	SSW	21.2	1013.1	0	3.3	3.6	30
-40.584158	-64.994097	12.1.2021	1223	40.43	GPS	hembra	24.0	7.5	15.8	2.0	31.4	SSW	21.2	1013.1	0	3.3	3.6	30
-40.584140999999995	-64.994076	12.1.2021	1232	40.72	GPS	hembra	24.0	7.5	15.8	2.0	31.4	SSW	21.2	1013.1	0	3.3	3.6	30
-40.584121	-64.994141	12.1.2021	1242	45.74	GPS	hembra	24.0	7.5	15.8	2.0	31.4	SSW	21.2	1013.1	0	3.3	3.6	30
-40.584123999999996	-64.994079	12.1.2021	1252	52.01	GPS	hembra	24.0	7.5	15.8	2.0	31.4	SSW	21.2	1013.1	0	3.3	3.6	30
-40.584117	-64.994136	12.1.2021	1302	53.73	GPS	hembra	24.0	7.5	15.8	1.7	30.5	S	18.2	1013.5	0	2.9	3.5	30
-40.584187	-64.994024	12.1.2021	1312	56.13	GPS	hembra	24.0	7.5	15.8	1.7	30.5	S	18.2	1013.5	0	2.9	3.5	30
-40.584213	-64.993963	12.1.2021	1322	57.98	GPS	hembra	24.0	7.5	15.8	1.7	30.5	S	18.2	1013.5	0	2.9	3.5	30
-40.584218	-64.993981	12.1.2021	1332	58.16	GPS	hembra	24.0	7.5	15.8	1.7	30.5	S	18.2	1013.5	0	2.9	3.5	30
-40.584231	-64.994	12.1.2021	1342	58.79	GPS	hembra	24.0	7.5	15.8	1.7	30.5	S	18.2	1013.5	0	2.9	3.5	30
-40.584188	-64.993989	12.1.2021	1352	57.13	GPS	hembra	24.0	7.5	15.8	1.7	30.5	S	18.2	1013.5	0	2.9	3.5	30
-40.584189	-64.993997	12.1.2021	1402	56.54	GPS	hembra	24.0	7.5	15.8	2.5	31.3	S	19.1	1013.8	0	2.6	3.4	30
-40.584179999999996	-64.99398199999999	12.1.2021	1411	57.56	GPS	hembra	24.0	7.5	15.8	2.5	31.3	S	19.1	1013.8	0	2.6	3.4	30
-40.584182	-64.99397900000001	12.1.2021	1421	55.75	GPS	hembra	24.0	7.5	15.8	2.5	31.3	S	19.1	1013.8	0	2.6	3.4	30
-40.584184	-64.99398599999999	12.1.2021	1431	56.02	GPS	hembra	24.0	7.5	15.8	2.5	31.3	S	19.1	1013.8	0	2.6	3.4	30
-40.584187	-64.993977	12.1.2021	1441	57.61	GPS	hembra	24.0	7.5	15.8	2.5	31.3	S	19.1	1013.8	0	2.6	3.4	30
-40.584191	-64.99399100000001	12.1.2021	1451	57.29	GPS	hembra	24.0	7.5	15.8	2.5	31.3	S	19.1	1013.8	0	2.6	3.4	30
-40.58419	-64.99399	12.1.2021	1501	56.38	GPS	hembra	25.2	7.5	15.8	3.0	31.6	SSW	20.0	1013.8	0	2.5	3.1	30
-40.584244	-64.993974	12.1.2021	1511	57.39	GPS	hembra	25.2	7.5	15.8	3.0	31.6	SSW	20.0	1013.8	0	2.5	3.1	30
-40.5842	-64.993988	12.1.2021	1521	57.82	GPS	hembra	25.2	7.5	15.8	3.0	31.6	SSW	20.0	1013.8	0	2.5	3.1	30
-40.584184	-64.99398000000001	12.1.2021	1531	55.18	GPS	hembra	25.2	7.5	15.8	3.0	31.6	SSW	20.0	1013.8	0	2.5	3.1	30
-40.584185	-64.993974	12.1.2021	1541	52.21	GPS	hembra	25.2	7.5	15.8	3.0	31.6	SSW	20.0	1013.8	0	2.5	3.1	30
-40.58417	-64.99396999999999	12.1.2021	1550	50.52	GPS	hembra	25.2	7.5	15.8	3.0	31.6	SSW	20.0	1013.8	0	2.5	3.1	30
-40.584192	-64.99399100000001	12.1.2021	1601	49.88	GPS	hembra	26.0	7.5	15.8	3.8	32.6	SSW	20.5	1014.0	0	2.4	2.7	30
-40.584161	-64.993975	12.1.2021	1610	46.44	GPS	hembra	26.0	7.5	15.8	3.8	32.6	SSW	20.5	1014.0	0	2.4	2.7	30
-40.584165999999996	-64.994062	12.1.2021	1620	52.29	GPS	hembra	26.0	7.5	15.8	3.8	32.6	SSW	20.5	1014.0	0	2.4	2.7	30
-40.584238	-64.994108	12.1.2021	1630	51.74	GPS	hembra	26.0	7.5	15.8	3.8	32.6	SSW	20.5	1014.0	0	2.4	2.7	30
-40.584244	-64.994118	12.1.2021	1640	53.87	GPS	hembra	26.0	7.5	15.8	3.8	32.6	SSW	20.5	1014.0	0	2.4	2.7	30
-40.584103000000006	-64.993801	12.1.2021	1650	51.27	GPS	hembra	26.0	7.5	15.8	3.8	32.6	SSW	20.5	1014.0	0	2.4	2.7	30
-40.584194000000004	-64.994062	12.1.2021	1700	40.66	GPS	hembra	27.0	7.5	15.8	4.8	33.5	SW	22.5	1014.2	0	2.2	2.2	30
-40.58419	-64.994089	12.1.2021	1710	37.41	GPS	hembra	27.0	7.5	15.8	4.8	33.5	SW	22.5	1014.2	0	2.2	2.2	30
-40.584195	-64.994029	12.1.2021	1720	37.0	GPS	hembra	27.0	7.5	15.8	4.8	33.5	SW	22.5	1014.2	0	2.2	2.2	30
-40.584139	-64.99401800000001	12.1.2021	1730	37.73	GPS	hembra	27.0	7.5	15.8	4.8	33.5	SW	22.5	1014.2	0	2.2	2.2	30
-40.584173	-64.99409	12.1.2021	1739	37.47	GPS	hembra	27.0	7.5	15.8	4.8	33.5	SW	22.5	1014.2	0	2.2	2.2	30
-40.584238	-64.994151	12.1.2021	1749	38.84	GPS	hembra	27.0	7.5	15.8	4.8	33.5	SW	22.5	1014.2	0	2.2	2.2	30
-40.584174	-64.994033	12.1.2021	1759	39.03	GPS	hembra	27.0	7.5	15.8	4.8	33.5	SW	22.5	1014.2	0	2.2	2.2	30
-40.584213	-64.994068	12.1.2021	1809	38.63	GPS	hembra	27.5	7.5	15.8	5.6	34.3	WSW	24.1	1014.3	0	1.9	1.7	30
-40.584405	-64.994363	12.1.2021	1819	38.12	GPS	hembra	27.5	7.5	15.8	5.6	34.3	WSW	24.1	1014.3	0	1.9	1.7	30
-40.584184	-64.994029	12.1.2021	1829	35.79	GPS	hembra	27.5	7.5	15.8	5.6	34.3	WSW	24.1	1014.3	0	1.9	1.7	30
-40.584213	-64.99412199999999	12.1.2021	1839	35.5	GPS	hembra	27.5	7.5	15.8	5.6	34.3	WSW	24.1	1014.3	0	1.9	1.7	30
-40.584168	-64.994031	12.1.2021	1848	35.2	GPS	hembra	27.5	7.5	15.8	5.6	34.3	WSW	24.1	1014.3	0	1.9	1.7	30
-40.584154999999996	-64.994056	12.1.2021	1858	35.8	GPS	hembra	27.5	7.5	15.8	5.6	34.3	WSW	24.1	1014.3	0	1.9	1.7	30
-40.584216	-64.994015	12.1.2021	1908	35.79	GPS	hembra	28.2	7.5	15.8	6.4	34.9	W	25.7	1014.3	0	1.8	1.2	30
-40.584171999999995	-64.99401800000001	12.1.2021	1918	35.96	GPS	hembra	28.2	7.5	15.8	6.4	34.9	W	25.7	1014.3	0	1.8	1.2	30
-40.58416500000001	-64.993975	12.1.2021	1928	36.45	GPS	hembra	28.2	7.5	15.8	6.4	34.9	W	25.7	1014.3	0	1.8	1.2	30
-40.584196	-64.994135	12.1.2021	1938	36.23	GPS	hembra	28.2	7.5	15.8	6.4	34.9	W	25.7	1014.3	0	1.8	1.2	30
-40.584129	-64.993785	12.1.2021	1948	34.96	GPS	hembra	28.2	7.5	15.8	6.4	34.9	W	25.7	1014.3	0	1.8	1.2	30
-40.584140999999995	-64.993786	12.1.2021	1958	34.73	GPS	hembra	28.2	7.5	15.8	6.4	34.9	W	25.7	1014.3	0	1.8	1.2	30
-40.584114	-64.993727	12.1.2021	2008	34.66	GPS	hembra	28.2	7.5	15.8	6.4	34.5	W	25.4	1014.3	0	1.5	1.0	30
-40.584204	-64.994075	12.1.2021	2018	34.56	GPS	hembra	28.2	7.5	15.8	6.4	34.5	W	25.4	1014.3	0	1.5	1.0	30
-40.584182	-64.994078	12.1.2021	2027	34.62	GPS	hembra	28.2	7.5	15.8	6.4	34.5	W	25.4	1014.3	0	1.5	1.0	30
-40.584152	-64.994073	12.1.2021	2037	34.55	GPS	hembra	28.2	7.5	15.8	6.4	34.5	W	25.4	1014.3	0	1.5	1.0	30
-40.58416500000001	-64.994099	12.1.2021	2047	34.39	GPS	hembra	28.2	7.5	15.8	6.4	34.5	W	25.4	1014.3	0	1.5	1.0	30
-40.584158	-64.994096	12.1.2021	2057	34.13	GPS	hembra	28.2	7.5	15.8	6.4	34.5	W	25.4	1014.3	0	1.5	1.0	30
-40.584195	-64.994054	12.1.2021	2107	33.69	GPS	hembra	28.2	7.5	15.8	6.2	33.7	W	25.8	1014.3	0	1.3	0.8	30
-40.584196999999996	-64.994051	12.1.2021	2117	33.48	GPS	hembra	28.2	7.5	15.8	6.2	33.7	W	25.8	1014.3	0	1.3	0.8	30
-40.584229	-64.994023	12.1.2021	2127	33.46	GPS	hembra	28.2	7.5	15.8	6.2	33.7	W	25.8	1014.3	0	1.3	0.8	30
-40.584196999999996	-64.99400200000001	12.1.2021	2136	33.25	GPS	hembra	28.2	7.5	15.8	6.2	33.7	W	25.8	1014.3	0	1.3	0.8	30
-40.58423300000001	-64.994058	12.1.2021	2146	33.11	GPS	hembra	28.2	7.5	15.8	6.2	33.7	W	25.8	1014.3	0	1.3	0.8	30
-40.584286999999996	-64.994107	12.1.2021	2156	33.38	GPS	hembra	28.2	7.5	15.8	6.2	33.7	W	25.8	1014.3	0	1.3	0.8	30
-40.58422	-64.993994	12.1.2021	2206	32.31	GPS	hembra	28.2	7.5	14.0	6.3	33.9	WSW	26.2	1014.4	0	1.2	0.6	30
-40.584241	-64.993932	12.1.2021	2216	31.7	GPS	hembra	28.2	7.5	14.0	6.3	33.9	WSW	26.2	1014.4	0	1.2	0.6	30
