lat	lon	date	time	tempIMU	metodologia	sexo	tempmax(C)	tempmin(C)	tempmed(C)	Temprocíomediadiaria(C)	Humedadrelativadiaria(%)	vientodir	viento(km/h)vel	Presionsobreniveldelmar(Hp)	Prec(mm)	NubesTotOct	NubbajOct	Vis(km)
-40.584274	-64.996197	14.1.2021	1042	24.51	GPS	hembra	29.4	20.7	25.0	13.3	48.8	SE	19.4	1016.8	*	3.7	1.5	30
-40.584387	-64.99624200000001	14.1.2021	1052	22.9	GPS	hembra	29.4	20.7	25.0	13.3	48.8	SE	19.4	1016.8	*	3.7	1.5	30
-40.584337	-64.996215	14.1.2021	1102	22.38	GPS	hembra	29.4	20.7	25.0	13.3	48.8	SE	19.4	1016.8	*	3.7	1.5	30
-40.584321	-64.996195	14.1.2021	1112	22.01	GPS	hembra	29.4	20.7	25.0	13.3	48.8	SE	19.4	1016.8	*	3.7	1.5	30
-40.584103999999996	-64.996124	14.1.2021	1122	21.96	GPS	hembra	29.4	20.7	25.0	13.3	48.8	SE	19.4	1016.8	*	3.7	1.5	30
-40.583949	-64.995952	14.1.2021	1131	21.78	GPS	hembra	29.4	20.7	25.0	13.3	48.8	SE	19.4	1016.8	*	3.7	1.5	30
-40.584307	-64.99619200000001	14.1.2021	1141	21.68	GPS	hembra	29.4	20.7	25.0	13.3	48.8	SE	19.4	1016.8	*	3.7	1.5	30
-40.58426	-64.99619399999999	14.1.2021	1151	21.7	GPS	hembra	29.4	20.7	25.0	13.3	48.8	SE	19.4	1016.8	*	3.7	1.5	30
-40.584323	-64.99617099999999	14.1.2021	1201	21.77	GPS	hembra	29.4	18.0	23.7	13.7	51.2	SE	19.1	1014.5	5	4.0	1.6	30
-40.584445	-64.996188	14.1.2021	1210	21.93	GPS	hembra	29.4	18.0	23.7	13.7	51.2	SE	19.1	1014.5	5	4.0	1.6	30
-40.584746	-64.996237	14.1.2021	1220	22.09	GPS	hembra	29.4	18.0	23.7	13.7	51.2	SE	19.1	1014.5	5	4.0	1.6	30
-40.584319	-64.996201	14.1.2021	1230	22.22	GPS	hembra	29.4	18.0	23.7	13.7	51.2	SE	19.1	1014.5	5	4.0	1.6	30
-40.584326000000004	-64.996236	14.1.2021	1240	22.33	GPS	hembra	29.4	18.0	23.7	13.7	51.2	SE	19.1	1014.5	5	4.0	1.6	30
-40.584297	-64.996229	14.1.2021	1250	25.18	GPS	hembra	29.4	18.0	23.7	13.7	51.2	SE	19.1	1014.5	5	4.0	1.6	30
-40.584299	-64.996239	14.1.2021	1300	33.41	GPS	hembra	29.4	18.0	23.7	13.8	52.6	SE	19.5	1014.5	5	4.2	1.6	30
-40.584314	-64.996229	14.1.2021	1310	37.13	GPS	hembra	29.4	18.0	23.7	13.8	52.6	SE	19.5	1014.5	5	4.2	1.6	30
-40.5843	-64.996216	14.1.2021	1320	39.2	GPS	hembra	29.4	18.0	23.7	13.8	52.6	SE	19.5	1014.5	5	4.2	1.6	30
-40.584343	-64.99622099999999	14.1.2021	1330	41.37	GPS	hembra	29.4	18.0	23.7	13.8	52.6	SE	19.5	1014.5	5	4.2	1.6	30
-40.58432	-64.996227	14.1.2021	1340	32.11	GPS	hembra	29.4	18.0	23.7	13.8	52.6	SE	19.5	1014.5	5	4.2	1.6	30
-40.584255	-64.99623100000001	14.1.2021	1349	29.22	GPS	hembra	29.4	18.0	23.7	13.8	52.6	SE	19.5	1014.5	5	4.2	1.6	30
-40.584362	-64.99625999999999	14.1.2021	1359	28.22	GPS	hembra	29.4	18.0	23.7	13.8	52.6	SE	19.5	1014.5	5	4.2	1.6	30
-40.58430300000001	-64.996162	14.1.2021	1409	28.22	GPS	hembra	29.4	18.0	23.7	14.4	55.2	ESE	19.7	1014.5	5	4.4	1.7	30
-40.584203	-64.996225	14.1.2021	1419	28.19	GPS	hembra	29.4	18.0	23.7	14.4	55.2	ESE	19.7	1014.5	5	4.4	1.7	30
-40.584307	-64.996112	14.1.2021	1429	28.66	GPS	hembra	29.4	18.0	23.7	14.4	55.2	ESE	19.7	1014.5	5	4.4	1.7	30
-40.584363	-64.996216	14.1.2021	1439	28.97	GPS	hembra	29.4	18.0	23.7	14.4	55.2	ESE	19.7	1014.5	5	4.4	1.7	30
-40.584227	-64.996173	14.1.2021	1449	29.21	GPS	hembra	29.4	18.0	23.7	14.4	55.2	ESE	19.7	1014.5	5	4.4	1.7	30
-40.584393	-64.996213	14.1.2021	1459	29.65	GPS	hembra	29.4	18.0	23.7	14.4	55.2	ESE	19.7	1014.5	5	4.4	1.7	30
-40.584424	-64.996188	14.1.2021	1508	29.91	GPS	hembra	29.4	18.0	23.7	14.8	57.3	ESE	19.5	1014.5	5	4.4	1.7	30
-40.584374	-64.996206	14.1.2021	1519	30.41	GPS	hembra	29.4	18.0	23.7	14.8	57.3	ESE	19.5	1014.5	5	4.4	1.7	30
-40.584142	-64.99619799999999	14.1.2021	1528	30.67	GPS	hembra	29.4	18.0	23.7	14.8	57.3	ESE	19.5	1014.5	5	4.4	1.7	30
-40.584138	-64.996205	14.1.2021	1538	31.02	GPS	hembra	29.4	18.0	23.7	14.8	57.3	ESE	19.5	1014.5	5	4.4	1.7	30
-40.584244	-64.996122	14.1.2021	1548	31.53	GPS	hembra	29.4	18.0	23.7	14.8	57.3	ESE	19.5	1014.5	5	4.4	1.7	30
-40.584239000000004	-64.996147	14.1.2021	1558	31.98	GPS	hembra	29.4	18.0	23.7	14.8	57.3	ESE	19.5	1014.5	5	4.4	1.7	30
-40.584345	-64.9962	14.1.2021	1608	32.31	GPS	hembra	29.4	18.0	23.7	15.3	58.9	ESE	20.2	1014.5	5	4.4	1.8	30
-40.584321	-64.996201	14.1.2021	1618	32.58	GPS	hembra	29.4	18.0	23.7	15.3	58.9	ESE	20.2	1014.5	5	4.4	1.8	30
-40.584302	-64.996201	14.1.2021	1627	33.0	GPS	hembra	29.4	18.0	23.7	15.3	58.9	ESE	20.2	1014.5	5	4.4	1.8	30
-40.584344	-64.99618199999999	14.1.2021	1637	33.64	GPS	hembra	29.4	18.0	23.7	15.3	58.9	ESE	20.2	1014.5	5	4.4	1.8	30
-40.584339	-64.996196	14.1.2021	1647	34.01	GPS	hembra	29.4	18.0	23.7	15.3	58.9	ESE	20.2	1014.5	5	4.4	1.8	30
-40.584314	-64.996223	14.1.2021	1657	35.25	GPS	hembra	29.4	18.0	23.7	15.3	58.9	ESE	20.2	1014.5	5	4.4	1.8	30
-40.584323	-64.996134	14.1.2021	1707	35.59	GPS	hembra	29.4	18.0	23.7	15.5	59.3	E	20.1	1014.5	5	4.5	1.8	30
-40.584351	-64.996286	14.1.2021	1717	36.14	GPS	hembra	29.4	18.0	23.7	15.5	59.3	E	20.1	1014.5	5	4.5	1.8	30
-40.584317	-64.99615	14.1.2021	1727	35.5	GPS	hembra	29.4	18.0	23.7	15.5	59.3	E	20.1	1014.5	5	4.5	1.8	30
-40.584423	-64.99620999999999	14.1.2021	1737	35.09	GPS	hembra	29.4	18.0	23.7	15.5	59.3	E	20.1	1014.5	5	4.5	1.8	30
-40.584317	-64.99619100000001	14.1.2021	1747	34.59	GPS	hembra	29.4	18.0	23.7	15.5	59.3	E	20.1	1014.5	5	4.5	1.8	30
-40.584365999999996	-64.99611800000001	14.1.2021	1756	34.02	GPS	hembra	29.4	18.0	23.7	15.5	59.3	E	20.1	1014.5	5	4.5	1.8	30
-40.584329	-64.99613199999999	14.1.2021	1806	34.55	GPS	hembra	29.5	18.0	23.7	15.8	59.5	NE	20.5	1014.5	5	4.5	1.8	30
-40.584451	-64.99628	14.1.2021	1816	34.87	GPS	hembra	29.5	18.0	23.7	15.8	59.5	NE	20.5	1014.5	5	4.5	1.8	30
-40.58413	-64.995838	14.1.2021	1826	34.63	GPS	hembra	29.5	18.0	23.7	15.8	59.5	NE	20.5	1014.5	5	4.5	1.8	30
-40.584348999999996	-64.996199	14.1.2021	1836	34.39	GPS	hembra	29.5	18.0	23.7	15.8	59.5	NE	20.5	1014.5	5	4.5	1.8	30
-40.584376	-64.99619399999999	14.1.2021	1846	34.58	GPS	hembra	29.5	18.0	23.7	15.8	59.5	NE	20.5	1014.5	5	4.5	1.8	30
-40.584305	-64.996176	14.1.2021	1856	33.84	GPS	hembra	29.5	18.0	23.7	15.8	59.5	NE	20.5	1014.5	5	4.5	1.8	30
-40.584688	-64.99659799999999	14.1.2021	1906	34.41	GPS	hembra	29.8	18.0	23.7	16.1	59.2	NNE	21.2	1014.5	5	4.6	1.9	30
-40.584514	-64.99639300000001	14.1.2021	1915	34.61	GPS	hembra	29.8	18.0	23.7	16.1	59.2	NNE	21.2	1014.5	5	4.6	1.9	30
-40.584466	-64.996299	14.1.2021	1925	34.68	GPS	hembra	29.8	18.0	23.7	16.1	59.2	NNE	21.2	1014.5	5	4.6	1.9	30
-40.58443	-64.996211	14.1.2021	1935	34.6	GPS	hembra	29.8	18.0	23.7	16.1	59.2	NNE	21.2	1014.5	5	4.6	1.9	30
-40.584394	-64.996127	14.1.2021	1945	34.58	GPS	hembra	29.8	18.0	23.7	16.1	59.2	NNE	21.2	1014.5	5	4.6	1.9	30
-40.584303999999996	-64.995972	14.1.2021	1955	34.57	GPS	hembra	29.8	18.0	23.7	16.1	59.2	NNE	21.2	1014.5	5	4.6	1.9	30
-40.584314	-64.99597299999999	14.1.2021	2005	34.43	GPS	hembra	30.0	18.0	23.7	16.3	58.4	N	21.5	1014.5	5	4.6	2.0	30
-40.58426	-64.995953	14.1.2021	2015	33.78	GPS	hembra	30.0	18.0	23.7	16.3	58.4	N	21.5	1014.5	5	4.6	2.0	30
-40.58423	-64.995852	14.1.2021	2025	32.97	GPS	hembra	30.0	18.0	23.7	16.3	58.4	N	21.5	1014.5	5	4.6	2.0	30
-40.584226	-64.995809	14.1.2021	2035	32.61	GPS	hembra	30.0	18.0	23.7	16.3	58.4	N	21.5	1014.5	5	4.6	2.0	30
-40.584146000000004	-64.995703	14.1.2021	2045	32.21	GPS	hembra	30.0	18.0	23.7	16.3	58.4	N	21.5	1014.5	5	4.6	2.0	30
-40.583876000000004	-64.996438	14.1.2021	2055	32.16	GPS	hembra	30.0	18.0	23.7	16.3	58.4	N	21.5	1014.5	5	4.6	2.0	30
-40.583821	-64.996463	14.1.2021	2104	32.13	GPS	hembra	30.0	18.0	23.7	16.6	58.1	N	21.5	1014.5	5	4.5	2.1	30
-40.584315999999994	-64.99616800000001	14.1.2021	2115	31.86	GPS	hembra	30.0	18.0	23.7	16.6	58.1	N	21.5	1014.5	5	4.5	2.1	30
-40.584306	-64.996228	14.1.2021	2124	31.76	GPS	hembra	30.0	18.0	23.7	16.6	58.1	N	21.5	1014.5	5	4.5	2.1	30
-40.584276	-64.996213	14.1.2021	2134	31.63	GPS	hembra	30.0	18.0	23.7	16.6	58.1	N	21.5	1014.5	5	4.5	2.1	30
-40.584315000000004	-64.996188	14.1.2021	2144	31.61	GPS	hembra	30.0	18.0	23.7	16.6	58.1	N	21.5	1014.5	5	4.5	2.1	30
-40.584362	-64.996156	14.1.2021	2154	31.65	GPS	hembra	30.0	18.0	23.7	16.6	58.1	N	21.5	1014.5	5	4.5	2.1	30
-40.584286	-64.99614100000001	14.1.2021	2204	31.56	GPS	hembra	30.0	18.0	21.0	16.7	57.5	N	22.4	1014.5	5	4.5	2.3	30
-40.584352	-64.996138	14.1.2021	2213	31.5	GPS	hembra	30.0	18.0	21.0	16.7	57.5	N	22.4	1014.5	5	4.5	2.3	30
-40.584319	-64.996193	14.1.2021	2223	31.57	GPS	hembra	30.0	18.0	21.0	16.7	57.5	N	22.4	1014.5	5	4.5	2.3	30
