lat	lon	date	time	tempIMU	metodologia	sexo	tempmax(C)	tempmin(C)	tempmed(C)	Temprocíomediadiaria(C)	Humedadrelativadiaria(%)	vientodir	viento(km/h)vel	Presionsobreniveldelmar(Hp)	Prec(mm)	NubesTotOct	NubbajOct	Vis(km)
-40.584344	-64.997069	10.1.2021	1428	39.04	GPS	hembra	35.0	16.1	25.6	-0.2	14.8	NW	29.9	1003.5	0	3.2	0.0	30
-40.584337	-64.996771	10.1.2021	1433	39.97	GPS	hembra	35.0	16.1	25.6	-0.2	14.8	NW	29.9	1003.5	0	3.2	0.0	30
-40.584321	-64.99674300000001	10.1.2021	1438	40.19	GPS	hembra	35.0	16.1	25.6	-0.2	14.8	NW	29.9	1003.5	0	3.2	0.0	30
-40.584286	-64.996668	10.1.2021	1443	37.88	GPS	hembra	35.0	16.1	25.6	-0.2	14.8	NW	29.9	1003.5	0	3.2	0.0	30
-40.584261	-64.996387	10.1.2021	1448	40.86	GPS	hembra	35.0	16.1	25.6	-0.2	14.8	NW	29.9	1003.5	0	3.2	0.0	30
-40.584325	-64.996211	10.1.2021	1453	41.96	GPS	hembra	35.0	16.1	25.6	-0.2	14.8	NW	29.9	1003.5	0	3.2	0.0	30
-40.584276	-64.996204	10.1.2021	1458	39.2	GPS	hembra	35.0	16.1	25.6	-0.2	14.8	NW	29.9	1003.5	0	3.2	0.0	30
-40.584326000000004	-64.996223	10.1.2021	1503	37.01	GPS	hembra	35.0	16.1	25.6	-0.2	14.9	NW	32.1	1003.5	0	3.5	0.0	30
-40.584333	-64.99624	10.1.2021	1508	36.15	GPS	hembra	35.0	16.1	25.6	-0.2	14.9	NW	32.1	1003.5	0	3.5	0.0	30
-40.584346000000004	-64.996235	10.1.2021	1513	35.94	GPS	hembra	35.0	16.1	25.6	-0.2	14.9	NW	32.1	1003.5	0	3.5	0.0	30
-40.584311	-64.996196	10.1.2021	1518	35.29	GPS	hembra	35.0	16.1	25.6	-0.2	14.9	NW	32.1	1003.5	0	3.5	0.0	30
-40.584348	-64.996252	10.1.2021	1523	34.91	GPS	hembra	35.0	16.1	25.6	-0.2	14.9	NW	32.1	1003.5	0	3.5	0.0	30
-40.584544	-64.996309	10.1.2021	1528	34.37	GPS	hembra	35.0	16.1	25.6	-0.2	14.9	NW	32.1	1003.5	0	3.5	0.0	30
-40.584322	-64.99618000000001	10.1.2021	1533	34.16	GPS	hembra	35.0	16.1	25.6	-0.2	14.9	NW	32.1	1003.5	0	3.5	0.0	30
-40.584379999999996	-64.996167	10.1.2021	1538	34.04	GPS	hembra	35.0	16.1	25.6	-0.2	14.9	NW	32.1	1003.5	0	3.5	0.0	30
-40.584371000000004	-64.99623199999999	10.1.2021	1543	34.39	GPS	hembra	35.0	16.1	25.6	-0.2	14.9	NW	32.1	1003.5	0	3.5	0.0	30
-40.584344	-64.996223	10.1.2021	1548	34.09	GPS	hembra	35.0	16.1	25.6	-0.2	14.9	NW	32.1	1003.5	0	3.5	0.0	30
-40.584392	-64.996236	10.1.2021	1553	34.1	GPS	hembra	35.0	16.1	25.6	-0.2	14.9	NW	32.1	1003.5	0	3.5	0.0	30
-40.584317999999996	-64.996214	10.1.2021	1558	33.9	GPS	hembra	35.0	16.1	25.6	-0.2	14.9	NW	32.1	1003.5	0	3.5	0.0	30
-40.58433	-64.996196	10.1.2021	1603	33.85	GPS	hembra	35.0	16.1	25.6	-0.2	14.9	NW	32.8	1003.5	0	3.6	0.0	30
-40.584353	-64.996235	10.1.2021	1608	33.93	GPS	hembra	35.0	16.1	25.6	-0.2	14.9	NW	32.8	1003.5	0	3.6	0.0	30
-40.584396999999996	-64.996248	10.1.2021	1613	34.13	GPS	hembra	35.0	16.1	25.6	-0.2	14.9	NW	32.8	1003.5	0	3.6	0.0	30
-40.584453	-64.99622099999999	10.1.2021	1618	34.34	GPS	hembra	35.0	16.1	25.6	-0.2	14.9	NW	32.8	1003.5	0	3.6	0.0	30
-40.584204	-64.996251	10.1.2021	1623	34.52	GPS	hembra	35.0	16.1	25.6	-0.2	14.9	NW	32.8	1003.5	0	3.6	0.0	30
-40.58429	-64.996235	10.1.2021	1629	34.67	GPS	hembra	35.0	16.1	25.6	-0.2	14.9	NW	32.8	1003.5	0	3.6	0.0	30
-40.58433	-64.99619200000001	10.1.2021	1634	35.21	GPS	hembra	35.0	16.1	25.6	-0.2	14.9	NW	32.8	1003.5	0	3.6	0.0	30
-40.584303999999996	-64.996103	10.1.2021	1638	35.65	GPS	hembra	35.0	16.1	25.6	-0.2	14.9	NW	32.8	1003.5	0	3.6	0.0	30
-40.584345	-64.996212	10.1.2021	1643	35.49	GPS	hembra	35.0	16.1	25.6	-0.2	14.9	NW	32.8	1003.5	0	3.6	0.0	30
-40.584294	-64.996163	10.1.2021	1649	35.49	GPS	hembra	35.0	16.1	25.6	-0.2	14.9	NW	32.8	1003.5	0	3.6	0.0	30
-40.584328	-64.996169	10.1.2021	1654	35.45	GPS	hembra	35.0	16.1	25.6	-0.2	14.9	NW	32.8	1003.5	0	3.6	0.0	30
-40.58421	-64.996094	10.1.2021	1659	35.51	GPS	hembra	35.0	16.1	25.6	-0.2	14.9	NW	32.8	1003.5	0	3.6	0.0	30
-40.584323	-64.996183	10.1.2021	1704	35.78	GPS	hembra	35.0	16.1	25.6	-0.5	14.9	NW	33.5	1003.5	0	3.7	0.1	30
-40.584329	-64.996208	10.1.2021	1709	35.75	GPS	hembra	35.0	16.1	25.6	-0.5	14.9	NW	33.5	1003.5	0	3.7	0.1	30
-40.584367	-64.99623000000001	10.1.2021	1714	35.91	GPS	hembra	35.0	16.1	25.6	-0.5	14.9	NW	33.5	1003.5	0	3.7	0.1	30
-40.58436	-64.99619799999999	10.1.2021	1719	35.87	GPS	hembra	35.0	16.1	25.6	-0.5	14.9	NW	33.5	1003.5	0	3.7	0.1	30
-40.584324	-64.996173	10.1.2021	1724	35.84	GPS	hembra	35.0	16.1	25.6	-0.5	14.9	NW	33.5	1003.5	0	3.7	0.1	30
-40.584634	-64.99642	10.1.2021	1729	35.8	GPS	hembra	35.0	16.1	25.6	-0.5	14.9	NW	33.5	1003.5	0	3.7	0.1	30
-40.584765999999995	-64.996638	10.1.2021	1734	35.86	GPS	hembra	35.0	16.1	25.6	-0.5	14.9	NW	33.5	1003.5	0	3.7	0.1	30
-40.584671	-64.996562	10.1.2021	1739	35.93	GPS	hembra	35.0	16.1	25.6	-0.5	14.9	NW	33.5	1003.5	0	3.7	0.1	30
-40.584784	-64.99672	10.1.2021	1744	35.98	GPS	hembra	35.0	16.1	25.6	-0.5	14.9	NW	33.5	1003.5	0	3.7	0.1	30
-40.584711999999996	-64.99661	10.1.2021	1749	36.06	GPS	hembra	35.0	16.1	25.6	-0.5	14.9	NW	33.5	1003.5	0	3.7	0.1	30
-40.584784	-64.996741	10.1.2021	1754	36.16	GPS	hembra	35.0	16.1	25.6	-0.5	14.9	NW	33.5	1003.5	0	3.7	0.1	30
-40.584601	-64.996459	10.1.2021	1819	36.02	GPS	hembra	35.0	16.1	25.6	-0.8	14.6	NW	33.9	1003.5	0	3.8	0.2	30
-40.584606	-64.996578	10.1.2021	1824	36.35	GPS	hembra	35.0	16.1	25.6	-0.8	14.6	NW	33.9	1003.5	0	3.8	0.2	30
-40.584647	-64.99645500000001	10.1.2021	1829	36.24	GPS	hembra	35.0	16.1	25.6	-0.8	14.6	NW	33.9	1003.5	0	3.8	0.2	30
-40.584519	-64.996499	10.1.2021	1834	36.46	GPS	hembra	35.0	16.1	25.6	-0.8	14.6	NW	33.9	1003.5	0	3.8	0.2	30
-40.584517	-64.996438	10.1.2021	1849	36.72	GPS	hembra	35.0	16.1	25.6	-0.8	14.6	NW	33.9	1003.5	0	3.8	0.2	30
-40.584410999999996	-64.996253	10.1.2021	1854	36.71	GPS	hembra	35.0	16.1	25.6	-0.8	14.6	NW	33.9	1003.5	0	3.8	0.2	30
-40.584277	-64.99604000000001	10.1.2021	1900	36.71	GPS	hembra	35.0	16.1	25.6	-0.9	14.5	WNW	34.4	1003.5	0	3.8	0.4	30
-40.584286	-64.996062	10.1.2021	1905	36.66	GPS	hembra	35.0	16.1	25.6	-0.9	14.5	WNW	34.4	1003.5	0	3.8	0.4	30
-40.584282	-64.996022	10.1.2021	1909	36.54	GPS	hembra	35.0	16.1	25.6	-0.9	14.5	WNW	34.4	1003.5	0	3.8	0.4	30
-40.584294	-64.996076	10.1.2021	1914	36.36	GPS	hembra	35.0	16.1	25.6	-0.9	14.5	WNW	34.4	1003.5	0	3.8	0.4	30
-40.584207	-64.995886	10.1.2021	1919	36.13	GPS	hembra	35.0	16.1	25.6	-0.9	14.5	WNW	34.4	1003.5	0	3.8	0.4	30
-40.584336	-64.996173	10.1.2021	1935	36.04	GPS	hembra	35.0	16.1	25.6	-0.9	14.5	WNW	34.4	1003.5	0	3.8	0.4	30
-40.584328	-64.996187	10.1.2021	1940	36.16	GPS	hembra	35.0	16.1	25.6	-0.9	14.5	WNW	34.4	1003.5	0	3.8	0.4	30
-40.584317999999996	-64.99616800000001	10.1.2021	1945	35.78	GPS	hembra	35.0	16.1	25.6	-0.9	14.5	WNW	34.4	1003.5	0	3.8	0.4	30
-40.584317999999996	-64.996186	10.1.2021	1950	35.5	GPS	hembra	35.0	16.1	25.6	-0.9	14.5	WNW	34.4	1003.5	0	3.8	0.4	30
-40.58433	-64.996174	10.1.2021	1955	35.09	GPS	hembra	35.0	16.1	25.6	-0.9	14.5	WNW	34.4	1003.5	0	3.8	0.4	30
-40.58434000000001	-64.99616999999999	10.1.2021	2000	35.4	GPS	hembra	35.0	16.1	25.6	-0.9	14.6	WNW	35.4	1003.5	0	3.9	0.5	30
-40.584323	-64.996215	10.1.2021	2005	35.47	GPS	hembra	35.0	16.1	25.6	-0.9	14.6	WNW	35.4	1003.5	0	3.9	0.5	30
-40.58432	-64.99616800000001	10.1.2021	2010	35.42	GPS	hembra	35.0	16.1	25.6	-0.9	14.6	WNW	35.4	1003.5	0	3.9	0.5	30
-40.584336	-64.99619799999999	10.1.2021	2015	35.52	GPS	hembra	35.0	16.1	25.6	-0.9	14.6	WNW	35.4	1003.5	0	3.9	0.5	30
-40.58433400000001	-64.996169	10.1.2021	2020	35.43	GPS	hembra	35.0	16.1	25.6	-0.9	14.6	WNW	35.4	1003.5	0	3.9	0.5	30
-40.584404	-64.996502	10.1.2021	2025	35.07	GPS	hembra	35.0	16.1	25.6	-0.9	14.6	WNW	35.4	1003.5	0	3.9	0.5	30
-40.584259	-64.996092	10.1.2021	2030	34.87	GPS	hembra	35.0	16.1	25.6	-0.9	14.6	WNW	35.4	1003.5	0	3.9	0.5	30
-40.584343	-64.9962	10.1.2021	2035	34.6	GPS	hembra	35.0	16.1	25.6	-0.9	14.6	WNW	35.4	1003.5	0	3.9	0.5	30
-40.584345	-64.996189	10.1.2021	2040	34.67	GPS	hembra	35.0	16.1	25.6	-0.9	14.6	WNW	35.4	1003.5	0	3.9	0.5	30
-40.584396999999996	-64.996224	10.1.2021	2045	34.4	GPS	hembra	35.0	16.1	25.6	-0.9	14.6	WNW	35.4	1003.5	0	3.9	0.5	30
-40.584384	-64.99620999999999	10.1.2021	2050	34.39	GPS	hembra	35.0	16.1	25.6	-0.9	14.6	WNW	35.4	1003.5	0	3.9	0.5	30
-40.584396999999996	-64.996253	10.1.2021	2055	34.55	GPS	hembra	35.0	16.1	25.6	-0.9	14.6	WNW	35.4	1003.5	0	3.9	0.5	30
-40.584381	-64.996202	10.1.2021	2100	34.34	GPS	hembra	35.0	16.1	25.6	-0.8	14.8	WNW	36.2	1003.5	0	4.0	0.7	30
-40.584344	-64.996228	10.1.2021	2105	34.45	GPS	hembra	35.0	16.1	25.6	-0.8	14.8	WNW	36.2	1003.5	0	4.0	0.7	30
-40.584317	-64.996178	10.1.2021	2110	34.44	GPS	hembra	35.0	16.1	25.6	-0.8	14.8	WNW	36.2	1003.5	0	4.0	0.7	30
-40.584274	-64.996239	10.1.2021	2115	34.09	GPS	hembra	35.0	16.1	25.6	-0.8	14.8	WNW	36.2	1003.5	0	4.0	0.7	30
-40.58436	-64.99623100000001	10.1.2021	2120	34.3	GPS	hembra	35.0	16.1	25.6	-0.8	14.8	WNW	36.2	1003.5	0	4.0	0.7	30
-40.584298	-64.99627199999999	10.1.2021	2125	34.22	GPS	hembra	35.0	16.1	25.6	-0.8	14.8	WNW	36.2	1003.5	0	4.0	0.7	30
-40.584342	-64.996207	10.1.2021	2130	34.29	GPS	hembra	35.0	16.1	25.6	-0.8	14.8	WNW	36.2	1003.5	0	4.0	0.7	30
-40.58435	-64.996228	10.1.2021	2135	34.32	GPS	hembra	35.0	16.1	25.6	-0.8	14.8	WNW	36.2	1003.5	0	4.0	0.7	30
-40.584348	-64.996156	10.1.2021	2140	34.3	GPS	hembra	35.0	16.1	25.6	-0.8	14.8	WNW	36.2	1003.5	0	4.0	0.7	30
-40.584324	-64.996139	10.1.2021	2145	34.41	GPS	hembra	35.0	16.1	25.6	-0.8	14.8	WNW	36.2	1003.5	0	4.0	0.7	30
-40.584292	-64.996103	10.1.2021	2150	34.33	GPS	hembra	35.0	16.1	25.6	-0.8	14.8	WNW	36.2	1003.5	0	4.0	0.7	30
-40.584392	-64.99622	10.1.2021	2155	34.25	GPS	hembra	35.0	16.1	25.6	-0.8	14.8	WNW	36.2	1003.5	0	4.0	0.7	30
-40.584344	-64.99619	10.1.2021	2201	34.25	GPS	hembra	33.3	16.1	23.5	-0.5	15.3	WNW	36.8	1003.5	0	4.0	0.8	30
-40.58430300000001	-64.996161	10.1.2021	2205	34.53	GPS	hembra	33.3	16.1	23.5	-0.5	15.3	WNW	36.8	1003.5	0	4.0	0.8	30
-40.584421999999996	-64.99615	10.1.2021	2211	34.09	GPS	hembra	33.3	16.1	23.5	-0.5	15.3	WNW	36.8	1003.5	0	4.0	0.8	30
-40.584317	-64.99616400000001	10.1.2021	2216	33.97	GPS	hembra	33.3	16.1	23.5	-0.5	15.3	WNW	36.8	1003.5	0	4.0	0.8	30
-40.584319	-64.996177	10.1.2021	2221	33.89	GPS	hembra	33.3	16.1	23.5	-0.5	15.3	WNW	36.8	1003.5	0	4.0	0.8	30
-40.584338	-64.996154	10.1.2021	2226	33.72	GPS	hembra	33.3	16.1	23.5	-0.5	15.3	WNW	36.8	1003.5	0	4.0	0.8	30
-40.584325	-64.99617099999999	10.1.2021	2231	33.58	GPS	hembra	33.3	16.1	23.5	-0.5	15.3	WNW	36.8	1003.5	0	4.0	0.8	30
-40.584315000000004	-64.996134	10.1.2021	2236	33.38	GPS	hembra	33.3	16.1	23.5	-0.5	15.3	WNW	36.8	1003.5	0	4.0	0.8	30
-40.58434000000001	-64.996214	10.1.2021	2241	32.98	GPS	hembra	33.3	16.1	23.5	-0.5	15.3	WNW	36.8	1003.5	0	4.0	0.8	30
-40.584323	-64.996184	10.1.2021	2246	32.95	GPS	hembra	33.3	16.1	23.5	-0.5	15.3	WNW	36.8	1003.5	0	4.0	0.8	30
-40.584346000000004	-64.996202	10.1.2021	2251	32.93	GPS	hembra	33.3	16.1	23.5	-0.5	15.3	WNW	36.8	1003.5	0	4.0	0.8	30
-40.584266	-64.996134	10.1.2021	2256	32.99	GPS	hembra	33.3	16.1	23.5	-0.5	15.3	WNW	36.8	1003.5	0	4.0	0.8	30
-40.584315000000004	-64.996169	10.1.2021	2301	32.97	GPS	hembra	32.3	16.1	23.5	0.1	16.1	WNW	37.5	1003.5	0	4.0	1.0	30
-40.584342	-64.996209	10.1.2021	2306	32.79	GPS	hembra	32.3	16.1	23.5	0.1	16.1	WNW	37.5	1003.5	0	4.0	1.0	30
-40.584265	-64.996131	10.1.2021	2311	32.7	GPS	hembra	32.3	16.1	23.5	0.1	16.1	WNW	37.5	1003.5	0	4.0	1.0	30
-40.584339	-64.996222	10.1.2021	2316	32.71	GPS	hembra	32.3	16.1	23.5	0.1	16.1	WNW	37.5	1003.5	0	4.0	1.0	30
-40.584297	-64.996169	10.1.2021	2321	32.62	GPS	hembra	32.3	16.1	23.5	0.1	16.1	WNW	37.5	1003.5	0	4.0	1.0	30
-40.584321	-64.996204	10.1.2021	2326	32.47	GPS	hembra	32.3	16.1	23.5	0.1	16.1	WNW	37.5	1003.5	0	4.0	1.0	30
-40.584346999999994	-64.99622099999999	10.1.2021	2331	32.37	GPS	hembra	32.3	16.1	23.5	0.1	16.1	WNW	37.5	1003.5	0	4.0	1.0	30
-40.58434000000001	-64.99622	10.1.2021	2336	32.13	GPS	hembra	32.3	16.1	23.5	0.1	16.1	WNW	37.5	1003.5	0	4.0	1.0	30
-40.58433400000001	-64.996144	10.1.2021	2341	32.04	GPS	hembra	32.3	16.1	23.5	0.1	16.1	WNW	37.5	1003.5	0	4.0	1.0	30
-40.58436500000001	-64.996189	10.1.2021	2346	32.03	GPS	hembra	32.3	16.1	23.5	0.1	16.1	WNW	37.5	1003.5	0	4.0	1.0	30
