lat	lon	date	time	tempIMU	metodologia	sexo	tempmax(C)	tempmin(C)	tempmed(C)	Temprocíomediadiaria(C)	Humedadrelativadiaria(%)	vientodir	viento(km/h)vel	Presionsobreniveldelmar(Hp)	Prec(mm)	NubesTotOct	NubbajOct	Vis(km)
-40.58423300000001	-64.995672	11.1.2021	1216	23.39	GPS	hembra	33.0	14.0	23.5	0.8	18.5	WNW	37.5	1007.3	0	3.8	1.5	30
-40.58421	-64.99570200000001	11.1.2021	1221	22.47	GPS	hembra	33.0	14.0	23.5	0.8	18.5	WNW	37.5	1007.3	0	3.8	1.5	30
-40.584286999999996	-64.99566	11.1.2021	1226	21.8	GPS	hembra	33.0	14.0	23.5	0.8	18.5	WNW	37.5	1007.3	0	3.8	1.5	30
-40.584567	-64.995449	11.1.2021	1231	21.62	GPS	hembra	33.0	14.0	23.5	0.8	18.5	WNW	37.5	1007.3	0	3.8	1.5	30
-40.584269	-64.995587	11.1.2021	1242	21.85	GPS	hembra	33.0	14.0	23.5	0.8	18.5	WNW	37.5	1007.3	0	3.8	1.5	30
-40.58408	-64.99554599999999	11.1.2021	1247	22.49	GPS	hembra	33.0	14.0	23.5	0.8	18.5	WNW	37.5	1007.3	0	3.8	1.5	30
-40.584241999999996	-64.995402	11.1.2021	1252	25.36	GPS	hembra	33.0	14.0	23.5	0.8	18.5	WNW	37.5	1007.3	0	3.8	1.5	30
-40.58424	-64.995317	11.1.2021	1257	26.06	GPS	hembra	33.0	14.0	23.5	0.8	18.5	WNW	37.5	1007.3	0	3.8	1.5	30
-40.584266	-64.995292	11.1.2021	1302	26.16	GPS	hembra	33.0	14.0	23.5	0.8	19.1	WNW	38.5	1008.7	0	3.8	1.8	30
-40.584255999999996	-64.995237	11.1.2021	1307	26.5	GPS	hembra	33.0	14.0	23.5	0.8	19.1	WNW	38.5	1008.7	0	3.8	1.8	30
-40.584286999999996	-64.995245	11.1.2021	1312	27.42	GPS	hembra	33.0	14.0	23.5	0.8	19.1	WNW	38.5	1008.7	0	3.8	1.8	30
-40.58425	-64.995239	11.1.2021	1317	27.48	GPS	hembra	33.0	14.0	23.5	0.8	19.1	WNW	38.5	1008.7	0	3.8	1.8	30
-40.58426	-64.995207	11.1.2021	1322	27.21	GPS	hembra	33.0	14.0	23.5	0.8	19.1	WNW	38.5	1008.7	0	3.8	1.8	30
-40.584276	-64.99523	11.1.2021	1327	27.19	GPS	hembra	33.0	14.0	23.5	0.8	19.1	WNW	38.5	1008.7	0	3.8	1.8	30
-40.584367	-64.995102	11.1.2021	1332	27.15	GPS	hembra	33.0	14.0	23.5	0.8	19.1	WNW	38.5	1008.7	0	3.8	1.8	30
-40.584284000000004	-64.99521	11.1.2021	1337	27.24	GPS	hembra	33.0	14.0	23.5	0.8	19.1	WNW	38.5	1008.7	0	3.8	1.8	30
-40.584249	-64.99518499999999	11.1.2021	1342	27.48	GPS	hembra	33.0	14.0	23.5	0.8	19.1	WNW	38.5	1008.7	0	3.8	1.8	30
-40.584258	-64.99516	11.1.2021	1347	28.34	GPS	hembra	33.0	14.0	23.5	0.8	19.1	WNW	38.5	1008.7	0	3.8	1.8	30
-40.584245	-64.995139	11.1.2021	1352	28.91	GPS	hembra	33.0	14.0	23.5	0.8	19.1	WNW	38.5	1008.7	0	3.8	1.8	30
-40.584252	-64.995111	11.1.2021	1357	29.09	GPS	hembra	33.0	14.0	23.5	0.8	19.1	WNW	38.5	1008.7	0	3.8	1.8	30
-40.584224	-64.995051	11.1.2021	1402	28.66	GPS	hembra	33.0	14.0	23.5	0.4	19.1	WNW	36.9	1009.5	0	3.8	2.2	30
-40.58426	-64.995086	11.1.2021	1407	28.01	GPS	hembra	33.0	14.0	23.5	0.4	19.1	WNW	36.9	1009.5	0	3.8	2.2	30
-40.584346999999994	-64.99506600000001	11.1.2021	1412	26.91	GPS	hembra	33.0	14.0	23.5	0.4	19.1	WNW	36.9	1009.5	0	3.8	2.2	30
-40.58423300000001	-64.995081	11.1.2021	1417	33.69	GPS	hembra	33.0	14.0	23.5	0.4	19.1	WNW	36.9	1009.5	0	3.8	2.2	30
-40.584236	-64.995063	11.1.2021	1422	36.43	GPS	hembra	33.0	14.0	23.5	0.4	19.1	WNW	36.9	1009.5	0	3.8	2.2	30
-40.584266	-64.99506600000001	11.1.2021	1427	41.12	GPS	hembra	33.0	14.0	23.5	0.4	19.1	WNW	36.9	1009.5	0	3.8	2.2	30
-40.584232	-64.995019	11.1.2021	1432	43.19	GPS	hembra	33.0	14.0	23.5	0.4	19.1	WNW	36.9	1009.5	0	3.8	2.2	30
-40.584227	-64.994919	11.1.2021	1437	41.65	GPS	hembra	33.0	14.0	23.5	0.4	19.1	WNW	36.9	1009.5	0	3.8	2.2	30
-40.584184	-64.994853	11.1.2021	1442	41.1	GPS	hembra	33.0	14.0	23.5	0.4	19.1	WNW	36.9	1009.5	0	3.8	2.2	30
-40.58406	-64.994736	11.1.2021	1447	41.81	GPS	hembra	33.0	14.0	23.5	0.4	19.1	WNW	36.9	1009.5	0	3.8	2.2	30
-40.58414000000001	-64.994805	11.1.2021	1452	41.65	GPS	hembra	33.0	14.0	23.5	0.4	19.1	WNW	36.9	1009.5	0	3.8	2.2	30
-40.584196999999996	-64.994849	11.1.2021	1457	40.45	GPS	hembra	33.0	14.0	23.5	0.4	19.1	WNW	36.9	1009.5	0	3.8	2.2	30
-40.584127	-64.994792	11.1.2021	1502	39.32	GPS	hembra	33.0	14.0	23.5	0.6	19.6	WNW	36.8	1009.5	0	3.8	2.3	30
-40.584146000000004	-64.99475799999999	11.1.2021	1507	34.43	GPS	hembra	33.0	14.0	23.5	0.6	19.6	WNW	36.8	1009.5	0	3.8	2.3	30
-40.584015	-64.99450300000001	11.1.2021	1513	31.89	GPS	hembra	33.0	14.0	23.5	0.6	19.6	WNW	36.8	1009.5	0	3.8	2.3	30
-40.583945	-64.994724	11.1.2021	1523	30.3	GPS	hembra	33.0	14.0	23.5	0.6	19.6	WNW	36.8	1009.5	0	3.8	2.3	30
-40.584145	-64.99480600000001	11.1.2021	1528	30.69	GPS	hembra	33.0	14.0	23.5	0.6	19.6	WNW	36.8	1009.5	0	3.8	2.3	30
-40.58410900000001	-64.994788	11.1.2021	1533	41.33	GPS	hembra	33.0	14.0	23.5	0.6	19.6	WNW	36.8	1009.5	0	3.8	2.3	30
-40.584097	-64.99486	11.1.2021	1538	45.16	GPS	hembra	33.0	14.0	23.5	0.6	19.6	WNW	36.8	1009.5	0	3.8	2.3	30
-40.584111	-64.994943	11.1.2021	1543	45.58	GPS	hembra	33.0	14.0	23.5	0.6	19.6	WNW	36.8	1009.5	0	3.8	2.3	30
-40.58409	-64.99480600000001	11.1.2021	1548	45.27	GPS	hembra	33.0	14.0	23.5	0.6	19.6	WNW	36.8	1009.5	0	3.8	2.3	30
-40.584184	-64.99482900000001	11.1.2021	1553	46.07	GPS	hembra	33.0	14.0	23.5	0.6	19.6	WNW	36.8	1009.5	0	3.8	2.3	30
-40.584381	-64.995021	11.1.2021	1558	39.03	GPS	hembra	33.0	14.0	23.5	0.6	19.6	WNW	36.8	1009.5	0	3.8	2.3	30
-40.584118	-64.99476999999999	11.1.2021	1603	36.5	GPS	hembra	33.0	14.0	23.5	0.4	20.0	W	35.8	1010.0	0	3.8	2.7	30
-40.584109999999995	-64.994754	11.1.2021	1608	35.0	GPS	hembra	33.0	14.0	23.5	0.4	20.0	W	35.8	1010.0	0	3.8	2.7	30
-40.584241	-64.994667	11.1.2021	1613	36.35	GPS	hembra	33.0	14.0	23.5	0.4	20.0	W	35.8	1010.0	0	3.8	2.7	30
-40.584599	-64.994602	11.1.2021	1618	36.92	GPS	hembra	33.0	14.0	23.5	0.4	20.0	W	35.8	1010.0	0	3.8	2.7	30
-40.584533	-64.994621	11.1.2021	1623	35.24	GPS	hembra	33.0	14.0	23.5	0.4	20.0	W	35.8	1010.0	0	3.8	2.7	30
-40.584540999999994	-64.994682	11.1.2021	1628	31.0	GPS	hembra	33.0	14.0	23.5	0.4	20.0	W	35.8	1010.0	0	3.8	2.7	30
-40.584718	-64.99476800000001	11.1.2021	1633	30.8	GPS	hembra	33.0	14.0	23.5	0.4	20.0	W	35.8	1010.0	0	3.8	2.7	30
-40.585299	-64.995118	11.1.2021	1643	29.23	GPS	hembra	33.0	14.0	23.5	0.4	20.0	W	35.8	1010.0	0	3.8	2.7	30
-40.585278	-64.995202	11.1.2021	1648	29.14	GPS	hembra	33.0	14.0	23.5	0.4	20.0	W	35.8	1010.0	0	3.8	2.7	30
-40.585312	-64.99550500000001	11.1.2021	1653	39.05	GPS	hembra	33.0	14.0	23.5	0.4	20.0	W	35.8	1010.0	0	3.8	2.7	30
-40.585274	-64.995623	11.1.2021	1658	38.93	GPS	hembra	33.0	14.0	23.5	0.4	20.0	W	35.8	1010.0	0	3.8	2.7	30
-40.585312	-64.995747	11.1.2021	1703	34.65	GPS	hembra	33.0	14.0	23.5	0.1	20.3	W	33.4	1010.4	0	4.1	3.0	30
-40.583617	-64.994318	11.1.2021	1733	45.69	GPS	hembra	33.0	14.0	23.5	0.1	20.3	W	33.4	1010.4	0	4.1	3.0	30
-40.58359	-64.99423	11.1.2021	1738	45.4	GPS	hembra	33.0	14.0	23.5	0.1	20.3	W	33.4	1010.4	0	4.1	3.0	30
-40.58356	-64.994153	11.1.2021	1744	38.72	GPS	hembra	33.0	14.0	23.5	0.1	20.3	W	33.4	1010.4	0	4.1	3.0	30
-40.583631	-64.99421600000001	11.1.2021	1748	33.62	GPS	hembra	33.0	14.0	23.5	0.1	20.3	W	33.4	1010.4	0	4.1	3.0	30
-40.583726	-64.99430600000001	11.1.2021	1753	35.4	GPS	hembra	33.0	14.0	23.5	0.1	20.3	W	33.4	1010.4	0	4.1	3.0	30
-40.583252	-64.993601	11.1.2021	1809	37.57	GPS	hembra	33.0	14.0	23.5	0.2	20.9	W	32.1	1010.7	0	4.3	3.2	30
-40.583288	-64.99364399999999	11.1.2021	1814	35.17	GPS	hembra	33.0	14.0	23.5	0.2	20.9	W	32.1	1010.7	0	4.3	3.2	30
-40.58325900000001	-64.99359799999999	11.1.2021	1819	37.68	GPS	hembra	33.0	14.0	23.5	0.2	20.9	W	32.1	1010.7	0	4.3	3.2	30
-40.583135	-64.993375	11.1.2021	1824	31.67	GPS	hembra	33.0	14.0	23.5	0.2	20.9	W	32.1	1010.7	0	4.3	3.2	30
-40.584086	-64.994759	11.1.2021	1844	37.8	GPS	hembra	33.0	14.0	23.5	0.2	20.9	W	32.1	1010.7	0	4.3	3.2	30
-40.58410900000001	-64.994785	11.1.2021	1849	37.83	GPS	hembra	33.0	14.0	23.5	0.2	20.9	W	32.1	1010.7	0	4.3	3.2	30
-40.58410900000001	-64.994737	11.1.2021	1854	38.59	GPS	hembra	33.0	14.0	23.5	0.2	20.9	W	32.1	1010.7	0	4.3	3.2	30
-40.584103000000006	-64.994771	11.1.2021	1859	36.24	GPS	hembra	33.0	14.0	23.5	0.2	20.9	W	32.1	1010.7	0	4.3	3.2	30
-40.584102	-64.99477900000001	11.1.2021	1904	37.16	GPS	hembra	33.0	14.0	23.5	0.2	21.6	W	30.3	1010.9	0	4.6	3.5	30
-40.584101000000004	-64.994846	11.1.2021	1909	38.24	GPS	hembra	33.0	14.0	23.5	0.2	21.6	W	30.3	1010.9	0	4.6	3.5	30
-40.584106	-64.99470500000001	11.1.2021	1914	37.58	GPS	hembra	33.0	14.0	23.5	0.2	21.6	W	30.3	1010.9	0	4.6	3.5	30
-40.584096	-64.994629	11.1.2021	1919	35.94	GPS	hembra	33.0	14.0	23.5	0.2	21.6	W	30.3	1010.9	0	4.6	3.5	30
-40.584067	-64.994557	11.1.2021	1924	36.92	GPS	hembra	33.0	14.0	23.5	0.2	21.6	W	30.3	1010.9	0	4.6	3.5	30
-40.584078999999996	-64.99459499999999	11.1.2021	1929	35.4	GPS	hembra	33.0	14.0	23.5	0.2	21.6	W	30.3	1010.9	0	4.6	3.5	30
-40.584111	-64.99454200000001	11.1.2021	1934	34.83	GPS	hembra	33.0	14.0	23.5	0.2	21.6	W	30.3	1010.9	0	4.6	3.5	30
-40.58412	-64.994552	11.1.2021	1939	34.92	GPS	hembra	33.0	14.0	23.5	0.2	21.6	W	30.3	1010.9	0	4.6	3.5	30
-40.584103999999996	-64.994527	11.1.2021	1944	35.88	GPS	hembra	33.0	14.0	23.5	0.2	21.6	W	30.3	1010.9	0	4.6	3.5	30
-40.584117	-64.994354	11.1.2021	1949	32.6	GPS	hembra	33.0	14.0	23.5	0.2	21.6	W	30.3	1010.9	0	4.6	3.5	30
-40.584103000000006	-64.994339	11.1.2021	1954	33.92	GPS	hembra	33.0	14.0	23.5	0.2	21.6	W	30.3	1010.9	0	4.6	3.5	30
-40.58410900000001	-64.99427	11.1.2021	1959	34.28	GPS	hembra	33.0	14.0	23.5	0.2	21.6	W	30.3	1010.9	0	4.6	3.5	30
-40.584094	-64.994215	11.1.2021	2004	32.74	GPS	hembra	33.0	14.0	23.5	1.3	25.0	WSW	29.0	1011.3	0	4.5	3.6	30
-40.584075	-64.9942	11.1.2021	2009	32.22	GPS	hembra	33.0	14.0	23.5	1.3	25.0	WSW	29.0	1011.3	0	4.5	3.6	30
-40.58409	-64.994228	11.1.2021	2014	31.8	GPS	hembra	33.0	14.0	23.5	1.3	25.0	WSW	29.0	1011.3	0	4.5	3.6	30
-40.584108	-64.994226	11.1.2021	2019	30.92	GPS	hembra	33.0	14.0	23.5	1.3	25.0	WSW	29.0	1011.3	0	4.5	3.6	30
-40.584131	-64.99421099999999	11.1.2021	2025	30.4	GPS	hembra	33.0	14.0	23.5	1.3	25.0	WSW	29.0	1011.3	0	4.5	3.6	30
-40.584098	-64.994182	11.1.2021	2030	30.98	GPS	hembra	33.0	14.0	23.5	1.3	25.0	WSW	29.0	1011.3	0	4.5	3.6	30
-40.584070000000004	-64.994149	11.1.2021	2035	29.86	GPS	hembra	33.0	14.0	23.5	1.3	25.0	WSW	29.0	1011.3	0	4.5	3.6	30
-40.584106	-64.99421600000001	11.1.2021	2040	30.46	GPS	hembra	33.0	14.0	23.5	1.3	25.0	WSW	29.0	1011.3	0	4.5	3.6	30
-40.584112	-64.994228	11.1.2021	2045	30.25	GPS	hembra	33.0	14.0	23.5	1.3	25.0	WSW	29.0	1011.3	0	4.5	3.6	30
-40.584184	-64.994349	11.1.2021	2050	29.7	GPS	hembra	33.0	14.0	23.5	1.3	25.0	WSW	29.0	1011.3	0	4.5	3.6	30
-40.584157	-64.994314	11.1.2021	2055	30.94	GPS	hembra	33.0	14.0	23.5	1.3	25.0	WSW	29.0	1011.3	0	4.5	3.6	30
-40.584121	-64.994236	11.1.2021	2100	29.99	GPS	hembra	33.0	14.0	23.5	2.2	28.2	SW	27.5	1011.5	0	4.4	3.7	30
-40.584144	-64.994287	11.1.2021	2105	29.24	GPS	hembra	33.0	14.0	23.5	2.2	28.2	SW	27.5	1011.5	0	4.4	3.7	30
-40.584176	-64.994338	11.1.2021	2110	29.46	GPS	hembra	33.0	14.0	23.5	2.2	28.2	SW	27.5	1011.5	0	4.4	3.7	30
-40.584209	-64.994411	11.1.2021	2115	29.39	GPS	hembra	33.0	14.0	23.5	2.2	28.2	SW	27.5	1011.5	0	4.4	3.7	30
-40.584203	-64.99444	11.1.2021	2120	29.37	GPS	hembra	33.0	14.0	23.5	2.2	28.2	SW	27.5	1011.5	0	4.4	3.7	30
-40.584184	-64.994049	11.1.2021	2324	24.97	GPS	hembra	32.3	16.1	23.5	0.1	16.1	WNW	37.5	1003.5	0	4.0	1.0	30
-40.584352	-64.993903	11.1.2021	2329	25.04	GPS	hembra	32.3	16.1	23.5	0.1	16.1	WNW	37.5	1003.5	0	4.0	1.0	30
-40.584203	-64.994058	11.1.2021	2334	24.93	GPS	hembra	32.3	16.1	23.5	0.1	16.1	WNW	37.5	1003.5	0	4.0	1.0	30
-40.584163000000004	-64.994054	11.1.2021	2339	24.69	GPS	hembra	32.3	16.1	23.5	0.1	16.1	WNW	37.5	1003.5	0	4.0	1.0	30
-40.584228	-64.99398599999999	11.1.2021	2344	24.39	GPS	hembra	32.3	16.1	23.5	0.1	16.1	WNW	37.5	1003.5	0	4.0	1.0	30
-40.584271	-64.99391899999999	11.1.2021	2349	24.1	GPS	hembra	32.3	16.1	23.5	0.1	16.1	WNW	37.5	1003.5	0	4.0	1.0	30
-40.584057	-64.994068	11.1.2021	2354	23.86	GPS	hembra	32.3	16.1	23.5	0.1	16.1	WNW	37.5	1003.5	0	4.0	1.0	30
-40.584223	-64.99404	11.1.2021	2359	23.53	GPS	hembra	32.3	16.1	23.5	0.1	16.1	WNW	37.5	1003.5	0	4.0	1.0	30
