lat	lon	date	time	tempIMU	metodologia	sexo	tempmax(C)	tempmin(C)	tempmed(C)	Temprocíomediadiaria(C)	Humedadrelativadiaria(%)	vientodir	viento(km/h)vel	Presionsobreniveldelmar(Hp)	Prec(mm)	NubesTotOct	NubbajOct	Vis(km)
-40.582633	-65.001294	14.1.2021	4	33.29	GPS	hembra	29.4	12.3	20.9	13.3	48.8	SE	19.4	1016.8	0	3.7	1.5	30
-40.582592	-65.00134200000001	14.1.2021	9	33.12	GPS	hembra	29.4	12.3	20.9	13.3	48.8	SE	19.4	1016.8	0	3.7	1.5	30
-40.582755999999996	-65.00129799999999	14.1.2021	14	33.01	GPS	hembra	29.4	12.3	20.9	13.3	48.8	SE	19.4	1016.8	0	3.7	1.5	30
-40.582765	-65.001294	14.1.2021	19	32.92	GPS	hembra	29.4	12.3	20.9	13.3	48.8	SE	19.4	1016.8	0	3.7	1.5	30
-40.582661	-65.001279	14.1.2021	24	32.92	GPS	hembra	29.4	12.3	20.9	13.3	48.8	SE	19.4	1016.8	0	3.7	1.5	30
-40.582729	-65.001312	14.1.2021	29	32.88	GPS	hembra	29.4	12.3	20.9	13.3	48.8	SE	19.4	1016.8	0	3.7	1.5	30
-40.582837	-65.00130899999999	14.1.2021	34	33.03	GPS	hembra	29.4	12.3	20.9	13.3	48.8	SE	19.4	1016.8	0	3.7	1.5	30
-40.582676	-65.001362	14.1.2021	39	33.15	GPS	hembra	29.4	12.3	20.9	13.3	48.8	SE	19.4	1016.8	0	3.7	1.5	30
-40.582651	-65.001223	14.1.2021	44	33.31	GPS	hembra	29.4	12.3	20.9	13.3	48.8	SE	19.4	1016.8	0	3.7	1.5	30
-40.582737	-65.001304	14.1.2021	49	33.3	GPS	hembra	29.4	12.3	20.9	13.3	48.8	SE	19.4	1016.8	0	3.7	1.5	30
-40.582743	-65.001435	14.1.2021	54	33.23	GPS	hembra	29.4	12.3	20.9	13.3	48.8	SE	19.4	1016.8	0	3.7	1.5	30
-40.58272	-65.001278	14.1.2021	100	33.2	GPS	hembra	29.4	12.3	23.8	13.3	48.8	SE	19.4	1016.8	0	3.7	1.5	30
-40.58269	-65.001244	14.1.2021	105	33.18	GPS	hembra	29.4	12.3	23.8	13.3	48.8	SE	19.4	1016.8	0	3.7	1.5	30
-40.582744	-65.001346	14.1.2021	110	33.22	GPS	hembra	29.4	12.3	23.8	13.3	48.8	SE	19.4	1016.8	0	3.7	1.5	30
-40.582758	-65.00117	14.1.2021	115	33.33	GPS	hembra	29.4	12.3	23.8	13.3	48.8	SE	19.4	1016.8	0	3.7	1.5	30
-40.58267	-65.00131800000001	14.1.2021	120	33.22	GPS	hembra	29.4	12.3	23.8	13.3	48.8	SE	19.4	1016.8	0	3.7	1.5	30
-40.582662	-65.001255	14.1.2021	125	33.12	GPS	hembra	29.4	12.3	23.8	13.3	48.8	SE	19.4	1016.8	0	3.7	1.5	30
-40.582674	-65.00119000000001	14.1.2021	130	33.15	GPS	hembra	29.4	12.3	23.8	13.3	48.8	SE	19.4	1016.8	0	3.7	1.5	30
-40.582693	-65.001294	14.1.2021	135	32.21	GPS	hembra	29.4	12.3	23.8	13.3	48.8	SE	19.4	1016.8	0	3.7	1.5	30
-40.582704	-65.00134	14.1.2021	140	29.77	GPS	hembra	29.4	12.3	23.8	13.3	48.8	SE	19.4	1016.8	0	3.7	1.5	30
-40.582696	-65.001317	14.1.2021	145	27.78	GPS	hembra	29.4	12.3	23.8	13.3	48.8	SE	19.4	1016.8	0	3.7	1.5	30
-40.582629	-65.00123	14.1.2021	150	26.22	GPS	hembra	29.4	12.3	23.8	13.3	48.8	SE	19.4	1016.8	0	3.7	1.5	30
-40.582689	-65.00130300000001	14.1.2021	155	25.0	GPS	hembra	29.4	12.3	23.8	13.3	48.8	SE	19.4	1016.8	0	3.7	1.5	30
-40.582762	-65.00144499999999	14.1.2021	200	24.92	GPS	hembra	29.4	12.3	23.8	13.3	48.8	SE	19.4	1016.8	0	3.7	1.5	30
-40.582788	-65.001397	14.1.2021	205	23.82	GPS	hembra	29.4	12.3	23.8	13.3	48.8	SE	19.4	1016.8	0	3.7	1.5	30
-40.582798	-65.00139899999999	14.1.2021	210	23.29	GPS	hembra	29.4	12.3	23.8	13.3	48.8	SE	19.4	1016.8	0	3.7	1.5	30
-40.582751	-65.001354	14.1.2021	215	22.98	GPS	hembra	29.4	12.3	23.8	13.3	48.8	SE	19.4	1016.8	0	3.7	1.5	30
-40.582677000000004	-65.001289	14.1.2021	220	22.76	GPS	hembra	29.4	12.3	23.8	13.3	48.8	SE	19.4	1016.8	0	3.7	1.5	30
-40.582679	-65.001184	14.1.2021	225	22.56	GPS	hembra	29.4	12.3	23.8	13.3	48.8	SE	19.4	1016.8	0	3.7	1.5	30
-40.582696	-65.001297	14.1.2021	230	22.46	GPS	hembra	29.4	12.3	23.8	13.3	48.8	SE	19.4	1016.8	0	3.7	1.5	30
-40.582771	-65.00131400000001	14.1.2021	235	22.42	GPS	hembra	29.4	12.3	23.8	13.3	48.8	SE	19.4	1016.8	0	3.7	1.5	30
-40.582707	-65.001272	14.1.2021	240	22.43	GPS	hembra	29.4	12.3	23.8	13.3	48.8	SE	19.4	1016.8	0	3.7	1.5	30
-40.582753000000004	-65.00128199999999	14.1.2021	245	22.66	GPS	hembra	29.4	12.3	23.8	13.3	48.8	SE	19.4	1016.8	0	3.7	1.5	30
-40.582594	-65.001297	14.1.2021	250	22.31	GPS	hembra	29.4	12.3	23.8	13.3	48.8	SE	19.4	1016.8	0	3.7	1.5	30
-40.582721	-65.00131400000001	14.1.2021	256	22.38	GPS	hembra	29.4	12.3	23.8	13.3	48.8	SE	19.4	1016.8	0	3.7	1.5	30
-40.58276400000001	-65.001333	14.1.2021	300	22.9	GPS	hembra	29.4	12.3	23.9	13.3	48.8	SE	19.4	1016.8	0	3.7	1.5	30
-40.582578999999996	-65.001312	14.1.2021	305	22.41	GPS	hembra	29.4	12.3	23.9	13.3	48.8	SE	19.4	1016.8	0	3.7	1.5	30
-40.582661	-65.001284	14.1.2021	310	22.27	GPS	hembra	29.4	12.3	23.9	13.3	48.8	SE	19.4	1016.8	0	3.7	1.5	30
-40.582695	-65.001278	14.1.2021	315	22.09	GPS	hembra	29.4	12.3	23.9	13.3	48.8	SE	19.4	1016.8	0	3.7	1.5	30
-40.582679	-65.001351	14.1.2021	320	21.93	GPS	hembra	29.4	12.3	23.9	13.3	48.8	SE	19.4	1016.8	0	3.7	1.5	30
-40.582715	-65.001351	14.1.2021	325	21.85	GPS	hembra	29.4	12.3	23.9	13.3	48.8	SE	19.4	1016.8	0	3.7	1.5	30
-40.582724	-65.001379	14.1.2021	330	21.78	GPS	hembra	29.4	12.3	23.9	13.3	48.8	SE	19.4	1016.8	0	3.7	1.5	30
-40.582659	-65.00126	14.1.2021	335	21.78	GPS	hembra	29.4	12.3	23.9	13.3	48.8	SE	19.4	1016.8	0	3.7	1.5	30
-40.582678	-65.00131400000001	14.1.2021	340	21.7	GPS	hembra	29.4	12.3	23.9	13.3	48.8	SE	19.4	1016.8	0	3.7	1.5	30
-40.58280900000001	-65.001234	14.1.2021	345	21.64	GPS	hembra	29.4	12.3	23.9	13.3	48.8	SE	19.4	1016.8	0	3.7	1.5	30
-40.582716999999995	-65.00130899999999	14.1.2021	351	21.79	GPS	hembra	29.4	12.3	23.9	13.3	48.8	SE	19.4	1016.8	0	3.7	1.5	30
-40.582656	-65.001307	14.1.2021	355	21.77	GPS	hembra	29.4	12.3	23.9	13.3	48.8	SE	19.4	1016.8	0	3.7	1.5	30
-40.582696	-65.001283	14.1.2021	400	21.47	GPS	hembra	29.4	12.3	23.9	13.3	48.8	SE	19.4	1016.8	0	3.7	1.5	30
-40.582663000000004	-65.00125899999999	14.1.2021	405	21.39	GPS	hembra	29.4	12.3	23.9	13.3	48.8	SE	19.4	1016.8	0	3.7	1.5	30
-40.582626	-65.00133000000001	14.1.2021	410	21.4	GPS	hembra	29.4	12.3	23.9	13.3	48.8	SE	19.4	1016.8	0	3.7	1.5	30
-40.58283	-65.00120600000001	14.1.2021	415	21.42	GPS	hembra	29.4	12.3	23.9	13.3	48.8	SE	19.4	1016.8	0	3.7	1.5	30
-40.582671999999995	-65.001361	14.1.2021	420	21.15	GPS	hembra	29.4	12.3	23.9	13.3	48.8	SE	19.4	1016.8	0	3.7	1.5	30
-40.582716	-65.001437	14.1.2021	425	20.99	GPS	hembra	29.4	12.3	23.9	13.3	48.8	SE	19.4	1016.8	0	3.7	1.5	30
-40.582712	-65.00135	14.1.2021	430	20.62	GPS	hembra	29.4	12.3	23.9	13.3	48.8	SE	19.4	1016.8	0	3.7	1.5	30
-40.582657	-65.001278	14.1.2021	435	20.23	GPS	hembra	29.4	12.3	23.9	13.3	48.8	SE	19.4	1016.8	0	3.7	1.5	30
-40.582667	-65.001292	14.1.2021	440	19.97	GPS	hembra	29.4	12.3	23.9	13.3	48.8	SE	19.4	1016.8	0	3.7	1.5	30
-40.582614	-65.00125799999999	14.1.2021	445	19.84	GPS	hembra	29.4	12.3	23.9	13.3	48.8	SE	19.4	1016.8	0	3.7	1.5	30
-40.58273	-65.001315	14.1.2021	450	19.82	GPS	hembra	29.4	12.3	23.9	13.3	48.8	SE	19.4	1016.8	0	3.7	1.5	30
-40.582651	-65.001265	14.1.2021	455	19.76	GPS	hembra	29.4	12.3	23.9	13.3	48.8	SE	19.4	1016.8	0	3.7	1.5	30
-40.582693	-65.00126800000001	14.1.2021	500	19.9	GPS	hembra	29.4	12.3	23.9	13.3	48.8	SE	19.4	1016.8	0	3.7	1.5	30
-40.582663000000004	-65.001289	14.1.2021	505	20.04	GPS	hembra	29.4	12.3	23.9	13.3	48.8	SE	19.4	1016.8	0	3.7	1.5	30
-40.582676	-65.00131800000001	14.1.2021	510	20.15	GPS	hembra	29.4	12.3	23.9	13.3	48.8	SE	19.4	1016.8	0	3.7	1.5	30
-40.582631	-65.001253	14.1.2021	515	20.19	GPS	hembra	29.4	12.3	23.9	13.3	48.8	SE	19.4	1016.8	0	3.7	1.5	30
-40.582662	-65.001242	14.1.2021	520	20.22	GPS	hembra	29.4	12.3	23.9	13.3	48.8	SE	19.4	1016.8	0	3.7	1.5	30
-40.582744	-65.00140999999999	14.1.2021	526	20.27	GPS	hembra	29.4	12.3	23.9	13.3	48.8	SE	19.4	1016.8	0	3.7	1.5	30
-40.582573	-65.001243	14.1.2021	531	20.32	GPS	hembra	29.4	12.3	23.9	13.3	48.8	SE	19.4	1016.8	0	3.7	1.5	30
-40.582685	-65.001276	14.1.2021	536	20.23	GPS	hembra	29.4	12.3	23.9	13.3	48.8	SE	19.4	1016.8	0	3.7	1.5	30
-40.582531	-65.001203	14.1.2021	541	20.27	GPS	hembra	29.4	12.3	23.9	13.3	48.8	SE	19.4	1016.8	0	3.7	1.5	30
-40.582642	-65.001267	14.1.2021	546	20.19	GPS	hembra	29.4	12.3	23.9	13.3	48.8	SE	19.4	1016.8	0	3.7	1.5	30
-40.582658	-65.001287	14.1.2021	551	20.17	GPS	hembra	29.4	12.3	23.9	13.3	48.8	SE	19.4	1016.8	0	3.7	1.5	30
-40.582952	-65.001521	14.1.2021	556	20.25	GPS	hembra	29.4	12.3	23.9	13.3	48.8	SE	19.4	1016.8	0	3.7	1.5	30
-40.582684	-65.001317	14.1.2021	601	20.23	GPS	hembra	29.4	12.3	24.0	13.3	48.8	SE	19.4	1016.8	*	3.7	1.5	30
-40.582714	-65.001301	14.1.2021	606	20.44	GPS	hembra	29.4	12.3	24.0	13.3	48.8	SE	19.4	1016.8	*	3.7	1.5	30
-40.582741	-65.001313	14.1.2021	611	20.23	GPS	hembra	29.4	12.3	24.0	13.3	48.8	SE	19.4	1016.8	*	3.7	1.5	30
-40.582796	-65.001214	14.1.2021	616	20.14	GPS	hembra	29.4	12.3	24.0	13.3	48.8	SE	19.4	1016.8	*	3.7	1.5	30
-40.582667	-65.001319	14.1.2021	621	19.97	GPS	hembra	29.4	12.3	24.0	13.3	48.8	SE	19.4	1016.8	*	3.7	1.5	30
-40.582656	-65.001302	14.1.2021	626	19.93	GPS	hembra	29.4	12.3	24.0	13.3	48.8	SE	19.4	1016.8	*	3.7	1.5	30
-40.58274	-65.001269	14.1.2021	631	19.95	GPS	hembra	29.4	12.3	24.0	13.3	48.8	SE	19.4	1016.8	*	3.7	1.5	30
-40.582706	-65.001299	14.1.2021	636	19.98	GPS	hembra	29.4	12.3	24.0	13.3	48.8	SE	19.4	1016.8	*	3.7	1.5	30
-40.582795000000004	-65.00129	14.1.2021	641	19.95	GPS	hembra	29.4	12.3	24.0	13.3	48.8	SE	19.4	1016.8	*	3.7	1.5	30
-40.582856	-65.00135	14.1.2021	646	20.04	GPS	hembra	29.4	12.3	24.0	13.3	48.8	SE	19.4	1016.8	*	3.7	1.5	30
-40.582734	-65.001273	14.1.2021	651	20.09	GPS	hembra	29.4	12.3	24.0	13.3	48.8	SE	19.4	1016.8	*	3.7	1.5	30
-40.582734	-65.001287	14.1.2021	656	20.19	GPS	hembra	29.4	12.3	24.0	13.3	48.8	SE	19.4	1016.8	*	3.7	1.5	30
-40.582722	-65.001148	14.1.2021	701	20.28	GPS	hembra	29.4	12.3	20.9	13.3	48.8	SE	19.4	1016.8	*	3.7	1.5	30
-40.582736	-65.001279	14.1.2021	706	20.35	GPS	hembra	29.4	12.3	20.9	13.3	48.8	SE	19.4	1016.8	*	3.7	1.5	30
-40.583014	-65.001412	14.1.2021	711	20.41	GPS	hembra	29.4	12.3	20.9	13.3	48.8	SE	19.4	1016.8	*	3.7	1.5	30
-40.582741	-65.001351	14.1.2021	716	20.52	GPS	hembra	29.4	12.3	20.9	13.3	48.8	SE	19.4	1016.8	*	3.7	1.5	30
-40.582734	-65.001319	14.1.2021	721	20.44	GPS	hembra	29.4	12.3	20.9	13.3	48.8	SE	19.4	1016.8	*	3.7	1.5	30
-40.582708000000004	-65.001202	14.1.2021	726	20.38	GPS	hembra	29.4	12.3	20.9	13.3	48.8	SE	19.4	1016.8	*	3.7	1.5	30
-40.582676	-65.001253	14.1.2021	731	20.38	GPS	hembra	29.4	12.3	20.9	13.3	48.8	SE	19.4	1016.8	*	3.7	1.5	30
-40.582727	-65.001292	14.1.2021	736	20.3	GPS	hembra	29.4	12.3	20.9	13.3	48.8	SE	19.4	1016.8	*	3.7	1.5	30
-40.582725	-65.001328	14.1.2021	741	20.29	GPS	hembra	29.4	12.3	20.9	13.3	48.8	SE	19.4	1016.8	*	3.7	1.5	30
-40.582642	-65.001292	14.1.2021	746	20.15	GPS	hembra	29.4	12.3	20.9	13.3	48.8	SE	19.4	1016.8	*	3.7	1.5	30
-40.582769	-65.001327	14.1.2021	751	20.17	GPS	hembra	29.4	12.3	20.9	13.3	48.8	SE	19.4	1016.8	*	3.7	1.5	30
-40.582696	-65.00133000000001	14.1.2021	756	20.31	GPS	hembra	29.4	12.3	20.9	13.3	48.8	SE	19.4	1016.8	*	3.7	1.5	30
-40.582573	-65.001232	14.1.2021	801	20.29	GPS	hembra	29.4	12.3	20.9	13.3	48.8	SE	19.4	1016.8	*	3.7	1.5	30
-40.582584999999995	-65.001222	14.1.2021	806	20.24	GPS	hembra	29.4	12.3	20.9	13.3	48.8	SE	19.4	1016.8	*	3.7	1.5	30
-40.582706	-65.001304	14.1.2021	811	20.2	GPS	hembra	29.4	12.3	20.9	13.3	48.8	SE	19.4	1016.8	*	3.7	1.5	30
-40.582642	-65.001253	14.1.2021	816	20.23	GPS	hembra	29.4	12.3	20.9	13.3	48.8	SE	19.4	1016.8	*	3.7	1.5	30
-40.582643	-65.001273	14.1.2021	821	20.2	GPS	hembra	29.4	12.3	20.9	13.3	48.8	SE	19.4	1016.8	*	3.7	1.5	30
