lat	lon	date	time	tempIMU	metodologia	sexo	tempmax(C)	tempmin(C)	tempmed(C)	Temprocíomediadiaria(C)	Humedadrelativadiaria(%)	vientodir	viento(km/h)vel	Presionsobreniveldelmar(Hp)	Prec(mm)	NubesTotOct	NubbajOct	Vis(km)
-40.582907	-65.001424	13.1.2021	0	31.19	GPS	hembra	29.0	7.5	18.2	6.9	36.3	WSW	26.8	1014.5	0	0.8	0.0	30
-40.582716999999995	-65.001289	13.1.2021	5	31.22	GPS	hembra	29.0	7.5	18.2	6.9	36.3	WSW	26.8	1014.5	0	0.8	0.0	30
-40.582832	-65.00120799999999	13.1.2021	20	31.01	GPS	hembra	29.0	7.5	18.2	6.9	36.3	WSW	26.8	1014.5	0	0.8	0.0	30
-40.582726	-65.001238	13.1.2021	25	30.83	GPS	hembra	29.0	7.5	18.2	6.9	36.3	WSW	26.8	1014.5	0	0.8	0.0	30
-40.58272	-65.001295	13.1.2021	30	30.73	GPS	hembra	29.0	7.5	18.2	6.9	36.3	WSW	26.8	1014.5	0	0.8	0.0	30
-40.58273300000001	-65.001289	13.1.2021	35	30.64	GPS	hembra	29.0	7.5	18.2	6.9	36.3	WSW	26.8	1014.5	0	0.8	0.0	30
-40.582691	-65.001294	13.1.2021	40	30.58	GPS	hembra	29.0	7.5	18.2	6.9	36.3	WSW	26.8	1014.5	0	0.8	0.0	30
-40.582584999999995	-65.001319	13.1.2021	45	30.49	GPS	hembra	29.0	7.5	18.2	6.9	36.3	WSW	26.8	1014.5	0	0.8	0.0	30
-40.582419	-65.00143100000001	13.1.2021	50	30.41	GPS	hembra	29.0	7.5	18.2	6.9	36.3	WSW	26.8	1014.5	0	0.8	0.0	30
-40.582618	-65.001322	13.1.2021	55	30.67	GPS	hembra	29.0	7.5	18.2	6.9	36.3	WSW	26.8	1014.5	0	0.8	0.0	30
-40.582593	-65.001305	13.1.2021	100	30.75	GPS	hembra	29.0	7.5	21.1	6.9	36.3	WSW	26.8	1014.5	0	0.8	0.0	30
-40.58270200000001	-65.001299	13.1.2021	105	30.33	GPS	hembra	29.0	7.5	21.1	6.9	36.3	WSW	26.8	1014.5	0	0.8	0.0	30
-40.58271	-65.001264	13.1.2021	110	30.08	GPS	hembra	29.0	7.5	21.1	6.9	36.3	WSW	26.8	1014.5	0	0.8	0.0	30
-40.582679999999996	-65.001263	13.1.2021	115	29.93	GPS	hembra	29.0	7.5	21.1	6.9	36.3	WSW	26.8	1014.5	0	0.8	0.0	30
-40.582724	-65.001292	13.1.2021	120	29.78	GPS	hembra	29.0	7.5	21.1	6.9	36.3	WSW	26.8	1014.5	0	0.8	0.0	30
-40.582679	-65.001311	13.1.2021	125	29.66	GPS	hembra	29.0	7.5	21.1	6.9	36.3	WSW	26.8	1014.5	0	0.8	0.0	30
-40.582676	-65.00123	13.1.2021	130	29.57	GPS	hembra	29.0	7.5	21.1	6.9	36.3	WSW	26.8	1014.5	0	0.8	0.0	30
-40.582487	-65.001271	13.1.2021	135	29.45	GPS	hembra	29.0	7.5	21.1	6.9	36.3	WSW	26.8	1014.5	0	0.8	0.0	30
-40.582681	-65.00126999999999	13.1.2021	140	29.36	GPS	hembra	29.0	7.5	21.1	6.9	36.3	WSW	26.8	1014.5	0	0.8	0.0	30
-40.582664	-65.001336	13.1.2021	145	29.27	GPS	hembra	29.0	7.5	21.1	6.9	36.3	WSW	26.8	1014.5	0	0.8	0.0	30
-40.582673	-65.001292	13.1.2021	150	29.19	GPS	hembra	29.0	7.5	21.1	6.9	36.3	WSW	26.8	1014.5	0	0.8	0.0	30
-40.582692	-65.001307	13.1.2021	155	29.07	GPS	hembra	29.0	7.5	21.1	6.9	36.3	WSW	26.8	1014.5	0	0.8	0.0	30
-40.582707	-65.001279	13.1.2021	200	28.99	GPS	hembra	29.0	7.5	21.1	6.9	36.3	WSW	26.8	1014.5	0	0.8	0.0	30
-40.582667	-65.001295	13.1.2021	205	28.97	GPS	hembra	29.0	7.5	21.1	6.9	36.3	WSW	26.8	1014.5	0	0.8	0.0	30
-40.582741999999996	-65.001292	13.1.2021	210	28.92	GPS	hembra	29.0	7.5	21.1	6.9	36.3	WSW	26.8	1014.5	0	0.8	0.0	30
-40.582575	-65.001226	13.1.2021	215	28.83	GPS	hembra	29.0	7.5	21.1	6.9	36.3	WSW	26.8	1014.5	0	0.8	0.0	30
-40.582709	-65.001306	13.1.2021	220	28.91	GPS	hembra	29.0	7.5	21.1	6.9	36.3	WSW	26.8	1014.5	0	0.8	0.0	30
-40.582639	-65.001294	13.1.2021	225	28.66	GPS	hembra	29.0	7.5	21.1	6.9	36.3	WSW	26.8	1014.5	0	0.8	0.0	30
-40.582719	-65.00130300000001	13.1.2021	230	28.49	GPS	hembra	29.0	7.5	21.1	6.9	36.3	WSW	26.8	1014.5	0	0.8	0.0	30
-40.582703	-65.00132099999999	13.1.2021	235	28.47	GPS	hembra	29.0	7.5	21.1	6.9	36.3	WSW	26.8	1014.5	0	0.8	0.0	30
-40.582741999999996	-65.001267	13.1.2021	250	27.95	GPS	hembra	29.0	7.5	21.1	6.9	36.3	WSW	26.8	1014.5	0	0.8	0.0	30
-40.582727	-65.001269	13.1.2021	255	27.85	GPS	hembra	29.0	7.5	21.1	6.9	36.3	WSW	26.8	1014.5	0	0.8	0.0	30
-40.58273	-65.0013	13.1.2021	300	27.84	GPS	hembra	29.0	7.5	21.1	6.9	36.3	WSW	26.8	1014.5	0	0.8	0.0	30
-40.582705	-65.001272	13.1.2021	306	27.8	GPS	hembra	29.0	7.5	21.1	6.9	36.3	WSW	26.8	1014.5	0	0.8	0.0	30
-40.582623	-65.001276	13.1.2021	310	28.12	GPS	hembra	29.0	7.5	21.1	6.9	36.3	WSW	26.8	1014.5	0	0.8	0.0	30
-40.582657	-65.00126	13.1.2021	315	27.78	GPS	hembra	29.0	7.5	21.1	6.9	36.3	WSW	26.8	1014.5	0	0.8	0.0	30
-40.582684	-65.00126	13.1.2021	320	27.64	GPS	hembra	29.0	7.5	21.1	6.9	36.3	WSW	26.8	1014.5	0	0.8	0.0	30
-40.582541	-65.001286	13.1.2021	326	27.6	GPS	hembra	29.0	7.5	21.1	6.9	36.3	WSW	26.8	1014.5	0	0.8	0.0	30
-40.582837	-65.00129799999999	13.1.2021	330	27.59	GPS	hembra	29.0	7.5	21.1	6.9	36.3	WSW	26.8	1014.5	0	0.8	0.0	30
-40.582718	-65.001242	13.1.2021	335	27.48	GPS	hembra	29.0	7.5	21.1	6.9	36.3	WSW	26.8	1014.5	0	0.8	0.0	30
-40.582673	-65.001283	13.1.2021	341	27.4	GPS	hembra	29.0	7.5	21.1	6.9	36.3	WSW	26.8	1014.5	0	0.8	0.0	30
-40.582982	-65.001425	13.1.2021	346	27.33	GPS	hembra	29.0	7.5	21.1	6.9	36.3	WSW	26.8	1014.5	0	0.8	0.0	30
-40.58271	-65.001334	13.1.2021	351	27.42	GPS	hembra	29.0	7.5	21.1	6.9	36.3	WSW	26.8	1014.5	0	0.8	0.0	30
-40.582695	-65.001293	13.1.2021	356	27.5	GPS	hembra	29.0	7.5	21.1	6.9	36.3	WSW	26.8	1014.5	0	0.8	0.0	30
-40.582710999999996	-65.001261	13.1.2021	401	27.73	GPS	hembra	29.0	7.5	21.1	6.9	36.3	WSW	26.8	1014.5	0	0.8	0.0	30
-40.582687	-65.001276	13.1.2021	406	27.39	GPS	hembra	29.0	7.5	21.1	6.9	36.3	WSW	26.8	1014.5	0	0.8	0.0	30
-40.582754	-65.001209	13.1.2021	411	27.19	GPS	hembra	29.0	7.5	21.1	6.9	36.3	WSW	26.8	1014.5	0	0.8	0.0	30
-40.582669	-65.001288	13.1.2021	416	27.08	GPS	hembra	29.0	7.5	21.1	6.9	36.3	WSW	26.8	1014.5	0	0.8	0.0	30
-40.582698	-65.001285	13.1.2021	421	27.05	GPS	hembra	29.0	7.5	21.1	6.9	36.3	WSW	26.8	1014.5	0	0.8	0.0	30
-40.582663000000004	-65.00128000000001	13.1.2021	426	27.02	GPS	hembra	29.0	7.5	21.1	6.9	36.3	WSW	26.8	1014.5	0	0.8	0.0	30
-40.582732	-65.001278	13.1.2021	431	26.93	GPS	hembra	29.0	7.5	21.1	6.9	36.3	WSW	26.8	1014.5	0	0.8	0.0	30
-40.582640999999995	-65.001288	13.1.2021	436	26.85	GPS	hembra	29.0	7.5	21.1	6.9	36.3	WSW	26.8	1014.5	0	0.8	0.0	30
-40.582696	-65.00131400000001	13.1.2021	441	26.78	GPS	hembra	29.0	7.5	21.1	6.9	36.3	WSW	26.8	1014.5	0	0.8	0.0	30
-40.582687	-65.001316	13.1.2021	446	26.74	GPS	hembra	29.0	7.5	21.1	6.9	36.3	WSW	26.8	1014.5	0	0.8	0.0	30
-40.582678	-65.001276	13.1.2021	451	26.75	GPS	hembra	29.0	7.5	21.1	6.9	36.3	WSW	26.8	1014.5	0	0.8	0.0	30
-40.582681	-65.001296	13.1.2021	456	26.7	GPS	hembra	29.0	7.5	21.1	6.9	36.3	WSW	26.8	1014.5	0	0.8	0.0	30
-40.582662	-65.001234	13.1.2021	501	26.65	GPS	hembra	29.0	7.5	21.2	6.9	36.3	WSW	26.8	1014.5	0	0.8	0.0	30
-40.582664	-65.001304	13.1.2021	506	26.6	GPS	hembra	29.0	7.5	21.2	6.9	36.3	WSW	26.8	1014.5	0	0.8	0.0	30
-40.582698	-65.00125899999999	13.1.2021	511	26.51	GPS	hembra	29.0	7.5	21.2	6.9	36.3	WSW	26.8	1014.5	0	0.8	0.0	30
-40.582727	-65.001312	13.1.2021	516	26.47	GPS	hembra	29.0	7.5	21.2	6.9	36.3	WSW	26.8	1014.5	0	0.8	0.0	30
-40.582594	-65.001396	13.1.2021	521	26.45	GPS	hembra	29.0	7.5	21.2	6.9	36.3	WSW	26.8	1014.5	0	0.8	0.0	30
-40.582636	-65.001289	13.1.2021	526	26.4	GPS	hembra	29.0	7.5	21.2	6.9	36.3	WSW	26.8	1014.5	0	0.8	0.0	30
-40.582741	-65.001329	13.1.2021	531	26.35	GPS	hembra	29.0	7.5	21.2	6.9	36.3	WSW	26.8	1014.5	0	0.8	0.0	30
-40.582721	-65.001299	13.1.2021	536	26.3	GPS	hembra	29.0	7.5	21.2	6.9	36.3	WSW	26.8	1014.5	0	0.8	0.0	30
-40.582653	-65.001265	13.1.2021	541	26.24	GPS	hembra	29.0	7.5	21.2	6.9	36.3	WSW	26.8	1014.5	0	0.8	0.0	30
-40.582699	-65.00129799999999	13.1.2021	546	26.14	GPS	hembra	29.0	7.5	21.2	6.9	36.3	WSW	26.8	1014.5	0	0.8	0.0	30
-40.582716999999995	-65.00131800000001	13.1.2021	551	26.15	GPS	hembra	29.0	7.5	21.2	6.9	36.3	WSW	26.8	1014.5	0	0.8	0.0	30
-40.582625	-65.001278	13.1.2021	556	26.26	GPS	hembra	29.0	7.5	21.2	6.9	36.3	WSW	26.8	1014.5	0	0.8	0.0	30
-40.5827	-65.001289	13.1.2021	602	26.22	GPS	hembra	29.0	7.5	21.2	6.9	36.3	WSW	26.8	1014.5	*	0.8	0.0	30
-40.582685999999995	-65.00138199999999	13.1.2021	606	26.43	GPS	hembra	29.0	7.5	21.2	6.9	36.3	WSW	26.8	1014.5	*	0.8	0.0	30
-40.582755	-65.001233	13.1.2021	611	26.1	GPS	hembra	29.0	7.5	21.2	6.9	36.3	WSW	26.8	1014.5	*	0.8	0.0	30
-40.58271	-65.001216	13.1.2021	616	25.96	GPS	hembra	29.0	7.5	21.2	6.9	36.3	WSW	26.8	1014.5	*	0.8	0.0	30
-40.582926	-65.001149	13.1.2021	626	25.94	GPS	hembra	29.0	7.5	21.2	6.9	36.3	WSW	26.8	1014.5	*	0.8	0.0	30
-40.582659	-65.001266	13.1.2021	631	25.86	GPS	hembra	29.0	7.5	21.2	6.9	36.3	WSW	26.8	1014.5	*	0.8	0.0	30
-40.582718	-65.00125899999999	13.1.2021	636	25.69	GPS	hembra	29.0	7.5	21.2	6.9	36.3	WSW	26.8	1014.5	*	0.8	0.0	30
-40.582614	-65.000753	13.1.2021	1518	39.46	GPS	hembra	29.0	12.3	20.6	9.3	39.7	W	27.2	1014.5	0	1.5	0.5	30
-40.582597	-65.00080600000001	13.1.2021	1522	41.31	GPS	hembra	29.0	12.3	20.6	9.3	39.7	W	27.2	1014.5	0	1.5	0.5	30
-40.582627	-65.000747	13.1.2021	1527	39.86	GPS	hembra	29.0	12.3	20.6	9.3	39.7	W	27.2	1014.5	0	1.5	0.5	30
-40.582598	-65.000906	13.1.2021	1532	38.08	GPS	hembra	29.0	12.3	20.6	9.3	39.7	W	27.2	1014.5	0	1.5	0.5	30
-40.582614	-65.000873	13.1.2021	1537	44.54	GPS	hembra	29.0	12.3	20.6	9.3	39.7	W	27.2	1014.5	0	1.5	0.5	30
-40.582637	-65.00119699999999	13.1.2021	1543	50.81	GPS	hembra	29.0	12.3	20.6	9.3	39.7	W	27.2	1014.5	0	1.5	0.5	30
-40.582737	-65.00121	13.1.2021	1548	53.78	GPS	hembra	29.0	12.3	20.6	9.3	39.7	W	27.2	1014.5	0	1.5	0.5	30
-40.582707	-65.001323	13.1.2021	1552	54.78	GPS	hembra	29.0	12.3	20.6	9.3	39.7	W	27.2	1014.5	0	1.5	0.5	30
-40.582721	-65.001326	13.1.2021	1557	46.36	GPS	hembra	29.0	12.3	20.6	9.3	39.7	W	27.2	1014.5	0	1.5	0.5	30
-40.582696999999996	-65.001238	13.1.2021	1602	43.43	GPS	hembra	29.0	12.3	20.6	9.6	39.9	SSE	25.5	1014.5	0	1.5	0.6	30
-40.582766	-65.00137600000001	13.1.2021	1607	41.76	GPS	hembra	29.0	12.3	20.6	9.6	39.9	SSE	25.5	1014.5	0	1.5	0.6	30
-40.582673	-65.001339	13.1.2021	1612	40.65	GPS	hembra	29.0	12.3	20.6	9.6	39.9	SSE	25.5	1014.5	0	1.5	0.6	30
-40.582631	-65.001198	13.1.2021	1618	39.59	GPS	hembra	29.0	12.3	20.6	9.6	39.9	SSE	25.5	1014.5	0	1.5	0.6	30
-40.582684	-65.001308	13.1.2021	1622	38.99	GPS	hembra	29.0	12.3	20.6	9.6	39.9	SSE	25.5	1014.5	0	1.5	0.6	30
-40.582696	-65.001301	13.1.2021	1627	38.33	GPS	hembra	29.0	12.3	20.6	9.6	39.9	SSE	25.5	1014.5	0	1.5	0.6	30
-40.582679999999996	-65.00131999999999	13.1.2021	1632	37.74	GPS	hembra	29.0	12.3	20.6	9.6	39.9	SSE	25.5	1014.5	0	1.5	0.6	30
-40.582703	-65.001323	13.1.2021	1638	37.34	GPS	hembra	29.0	12.3	20.6	9.6	39.9	SSE	25.5	1014.5	0	1.5	0.6	30
-40.582715	-65.001295	13.1.2021	1643	37.1	GPS	hembra	29.0	12.3	20.6	9.6	39.9	SSE	25.5	1014.5	0	1.5	0.6	30
-40.582725	-65.001302	13.1.2021	1648	36.94	GPS	hembra	29.0	12.3	20.6	9.6	39.9	SSE	25.5	1014.5	0	1.5	0.6	30
-40.582705	-65.00130300000001	13.1.2021	1653	36.79	GPS	hembra	29.0	12.3	20.6	9.6	39.9	SSE	25.5	1014.5	0	1.5	0.6	30
-40.58292	-65.001308	13.1.2021	1658	36.68	GPS	hembra	29.0	12.3	20.6	9.6	39.9	SSE	25.5	1014.5	0	1.5	0.6	30
-40.582710999999996	-65.001335	13.1.2021	1703	36.73	GPS	hembra	29.0	12.3	20.6	10.1	41.4	ESE	24.2	1014.6	0	1.4	0.8	30
-40.582718	-65.001324	13.1.2021	1708	36.71	GPS	hembra	29.0	12.3	20.6	10.1	41.4	ESE	24.2	1014.6	0	1.4	0.8	30
-40.582673	-65.001343	13.1.2021	1713	36.64	GPS	hembra	29.0	12.3	20.6	10.1	41.4	ESE	24.2	1014.6	0	1.4	0.8	30
-40.582665999999996	-65.001355	13.1.2021	1718	36.66	GPS	hembra	29.0	12.3	20.6	10.1	41.4	ESE	24.2	1014.6	0	1.4	0.8	30
-40.582704	-65.001319	13.1.2021	1723	36.53	GPS	hembra	29.0	12.3	20.6	10.1	41.4	ESE	24.2	1014.6	0	1.4	0.8	30
-40.582696999999996	-65.001333	13.1.2021	1728	36.37	GPS	hembra	29.0	12.3	20.6	10.1	41.4	ESE	24.2	1014.6	0	1.4	0.8	30
-40.582703	-65.001317	13.1.2021	1733	36.25	GPS	hembra	29.0	12.3	20.6	10.1	41.4	ESE	24.2	1014.6	0	1.4	0.8	30
-40.582673	-65.00130899999999	13.1.2021	1738	36.28	GPS	hembra	29.0	12.3	20.6	10.1	41.4	ESE	24.2	1014.6	0	1.4	0.8	30
-40.582644	-65.001184	13.1.2021	1743	36.33	GPS	hembra	29.0	12.3	20.6	10.1	41.4	ESE	24.2	1014.6	0	1.4	0.8	30
-40.5827	-65.001257	13.1.2021	1748	36.34	GPS	hembra	29.0	12.3	20.6	10.1	41.4	ESE	24.2	1014.6	0	1.4	0.8	30
-40.582785	-65.00143	13.1.2021	1753	36.37	GPS	hembra	29.0	12.3	20.6	10.1	41.4	ESE	24.2	1014.6	0	1.4	0.8	30
-40.582679	-65.001253	13.1.2021	1758	36.47	GPS	hembra	29.0	12.3	20.6	10.1	41.4	ESE	24.2	1014.6	0	1.4	0.8	30
-40.582704	-65.001207	13.1.2021	1804	36.71	GPS	hembra	29.0	12.3	20.6	10.7	43.0	SE	22.4	1014.7	0	1.5	1.1	30
-40.582724	-65.001204	13.1.2021	1808	37.13	GPS	hembra	29.0	12.3	20.6	10.7	43.0	SE	22.4	1014.7	0	1.5	1.1	30
-40.582657	-65.001592	13.1.2021	1813	36.85	GPS	hembra	29.0	12.3	20.6	10.7	43.0	SE	22.4	1014.7	0	1.5	1.1	30
-40.58272	-65.00128000000001	13.1.2021	1818	37.18	GPS	hembra	29.0	12.3	20.6	10.7	43.0	SE	22.4	1014.7	0	1.5	1.1	30
-40.582707	-65.001317	13.1.2021	1823	37.72	GPS	hembra	29.0	12.3	20.6	10.7	43.0	SE	22.4	1014.7	0	1.5	1.1	30
-40.582716	-65.001272	13.1.2021	1828	38.09	GPS	hembra	29.0	12.3	20.6	10.7	43.0	SE	22.4	1014.7	0	1.5	1.1	30
-40.582706	-65.001322	13.1.2021	1833	37.95	GPS	hembra	29.0	12.3	20.6	10.7	43.0	SE	22.4	1014.7	0	1.5	1.1	30
-40.582708000000004	-65.001334	13.1.2021	1838	37.88	GPS	hembra	29.0	12.3	20.6	10.7	43.0	SE	22.4	1014.7	0	1.5	1.1	30
-40.582693	-65.001378	13.1.2021	1843	37.78	GPS	hembra	29.0	12.3	20.6	10.7	43.0	SE	22.4	1014.7	0	1.5	1.1	30
-40.582719	-65.001109	13.1.2021	1848	37.75	GPS	hembra	29.0	12.3	20.6	10.7	43.0	SE	22.4	1014.7	0	1.5	1.1	30
-40.582714	-65.001333	13.1.2021	1853	37.72	GPS	hembra	29.0	12.3	20.6	10.7	43.0	SE	22.4	1014.7	0	1.5	1.1	30
-40.582696999999996	-65.001379	13.1.2021	1859	37.69	GPS	hembra	29.0	12.3	20.6	10.7	43.0	SE	22.4	1014.7	0	1.5	1.1	30
-40.582715	-65.001329	13.1.2021	1903	38.02	GPS	hembra	29.0	12.3	20.6	11.2	44.9	SE	21.1	1014.9	0	1.5	1.4	30
-40.582706	-65.001313	13.1.2021	1908	37.78	GPS	hembra	29.0	12.3	20.6	11.2	44.9	SE	21.1	1014.9	0	1.5	1.4	30
-40.582738	-65.001289	13.1.2021	1913	37.65	GPS	hembra	29.0	12.3	20.6	11.2	44.9	SE	21.1	1014.9	0	1.5	1.4	30
-40.582701	-65.001305	13.1.2021	1918	37.53	GPS	hembra	29.0	12.3	20.6	11.2	44.9	SE	21.1	1014.9	0	1.5	1.4	30
-40.582665999999996	-65.001306	13.1.2021	1923	37.43	GPS	hembra	29.0	12.3	20.6	11.2	44.9	SE	21.1	1014.9	0	1.5	1.4	30
-40.582732	-65.00131	13.1.2021	1928	37.36	GPS	hembra	29.0	12.3	20.6	11.2	44.9	SE	21.1	1014.9	0	1.5	1.4	30
-40.582694000000004	-65.00129799999999	13.1.2021	1933	37.06	GPS	hembra	29.0	12.3	20.6	11.2	44.9	SE	21.1	1014.9	0	1.5	1.4	30
-40.582741	-65.001384	13.1.2021	1948	36.91	GPS	hembra	29.0	12.3	20.6	11.2	44.9	SE	21.1	1014.9	0	1.5	1.4	30
-40.582778999999995	-65.00144300000001	13.1.2021	1953	36.78	GPS	hembra	29.0	12.3	20.6	11.2	44.9	SE	21.1	1014.9	0	1.5	1.4	30
-40.582703	-65.001316	13.1.2021	1959	36.55	GPS	hembra	29.0	12.3	20.6	11.2	44.9	SE	21.1	1014.9	0	1.5	1.4	30
-40.582648	-65.00126999999999	13.1.2021	2003	36.53	GPS	hembra	29.0	12.3	20.6	11.4	45.7	SE	20.8	1015.2	0	1.8	1.4	30
-40.58298	-65.001604	13.1.2021	2009	36.4	GPS	hembra	29.0	12.3	20.6	11.4	45.7	SE	20.8	1015.2	0	1.8	1.4	30
-40.582732	-65.001387	13.1.2021	2018	36.33	GPS	hembra	29.0	12.3	20.6	11.4	45.7	SE	20.8	1015.2	0	1.8	1.4	30
-40.582698	-65.001305	13.1.2021	2023	36.17	GPS	hembra	29.0	12.3	20.6	11.4	45.7	SE	20.8	1015.2	0	1.8	1.4	30
-40.582716999999995	-65.001338	13.1.2021	2028	36.07	GPS	hembra	29.0	12.3	20.6	11.4	45.7	SE	20.8	1015.2	0	1.8	1.4	30
-40.582633	-65.00117	13.1.2021	2034	35.9	GPS	hembra	29.0	12.3	20.6	11.4	45.7	SE	20.8	1015.2	0	1.8	1.4	30
-40.582677000000004	-65.001267	13.1.2021	2039	35.91	GPS	hembra	29.0	12.3	20.6	11.4	45.7	SE	20.8	1015.2	0	1.8	1.4	30
-40.58253	-65.001078	13.1.2021	2044	35.93	GPS	hembra	29.0	12.3	20.6	11.4	45.7	SE	20.8	1015.2	0	1.8	1.4	30
-40.582606	-65.001196	13.1.2021	2049	35.93	GPS	hembra	29.0	12.3	20.6	11.4	45.7	SE	20.8	1015.2	0	1.8	1.4	30
-40.582692	-65.001285	13.1.2021	2054	36.01	GPS	hembra	29.0	12.3	20.6	11.4	45.7	SE	20.8	1015.2	0	1.8	1.4	30
-40.582637	-65.001207	13.1.2021	2059	35.77	GPS	hembra	29.0	12.3	20.6	11.4	45.7	SE	20.8	1015.2	0	1.8	1.4	30
-40.582662	-65.001289	13.1.2021	2104	35.74	GPS	hembra	29.0	12.3	20.6	12.0	47.3	ESE	20.4	1015.5	0	2.3	1.5	30
-40.582652	-65.00135999999999	13.1.2021	2109	35.95	GPS	hembra	29.0	12.3	20.6	12.0	47.3	ESE	20.4	1015.5	0	2.3	1.5	30
-40.582753000000004	-65.001202	13.1.2021	2114	35.68	GPS	hembra	29.0	12.3	20.6	12.0	47.3	ESE	20.4	1015.5	0	2.3	1.5	30
-40.582665999999996	-65.001301	13.1.2021	2119	35.46	GPS	hembra	29.0	12.3	20.6	12.0	47.3	ESE	20.4	1015.5	0	2.3	1.5	30
-40.582688	-65.001305	13.1.2021	2124	35.28	GPS	hembra	29.0	12.3	20.6	12.0	47.3	ESE	20.4	1015.5	0	2.3	1.5	30
-40.582707	-65.001293	13.1.2021	2129	35.16	GPS	hembra	29.0	12.3	20.6	12.0	47.3	ESE	20.4	1015.5	0	2.3	1.5	30
-40.582689	-65.001322	13.1.2021	2134	35.0	GPS	hembra	29.0	12.3	20.6	12.0	47.3	ESE	20.4	1015.5	0	2.3	1.5	30
-40.582727	-65.001271	13.1.2021	2139	34.86	GPS	hembra	29.0	12.3	20.6	12.0	47.3	ESE	20.4	1015.5	0	2.3	1.5	30
-40.582696	-65.001334	13.1.2021	2144	34.77	GPS	hembra	29.0	12.3	20.6	12.0	47.3	ESE	20.4	1015.5	0	2.3	1.5	30
-40.58269	-65.001315	13.1.2021	2149	34.68	GPS	hembra	29.0	12.3	20.6	12.0	47.3	ESE	20.4	1015.5	0	2.3	1.5	30
-40.582726	-65.001346	13.1.2021	2154	34.64	GPS	hembra	29.0	12.3	20.6	12.0	47.3	ESE	20.4	1015.5	0	2.3	1.5	30
-40.582696999999996	-65.001348	13.1.2021	2159	34.6	GPS	hembra	29.0	12.3	20.6	12.0	47.3	ESE	20.4	1015.5	0	2.3	1.5	30
-40.582743	-65.001267	13.1.2021	2204	34.47	GPS	hembra	28.3	12.3	17.3	12.5	48.5	ESE	20.0	1016.1	0	2.8	1.5	30
-40.582754	-65.00138100000001	13.1.2021	2209	34.4	GPS	hembra	28.3	12.3	17.3	12.5	48.5	ESE	20.0	1016.1	0	2.8	1.5	30
-40.582736	-65.001211	13.1.2021	2214	34.38	GPS	hembra	28.3	12.3	17.3	12.5	48.5	ESE	20.0	1016.1	0	2.8	1.5	30
-40.582709	-65.001363	13.1.2021	2219	34.29	GPS	hembra	28.3	12.3	17.3	12.5	48.5	ESE	20.0	1016.1	0	2.8	1.5	30
-40.582671999999995	-65.001281	13.1.2021	2224	34.21	GPS	hembra	28.3	12.3	17.3	12.5	48.5	ESE	20.0	1016.1	0	2.8	1.5	30
-40.582724	-65.001315	13.1.2021	2229	34.17	GPS	hembra	28.3	12.3	17.3	12.5	48.5	ESE	20.0	1016.1	0	2.8	1.5	30
-40.582704	-65.001223	13.1.2021	2234	34.13	GPS	hembra	28.3	12.3	17.3	12.5	48.5	ESE	20.0	1016.1	0	2.8	1.5	30
-40.582729	-65.001369	13.1.2021	2239	34.08	GPS	hembra	28.3	12.3	17.3	12.5	48.5	ESE	20.0	1016.1	0	2.8	1.5	30
-40.582738	-65.001212	13.1.2021	2244	33.99	GPS	hembra	28.3	12.3	17.3	12.5	48.5	ESE	20.0	1016.1	0	2.8	1.5	30
-40.58273	-65.00121	13.1.2021	2249	33.9	GPS	hembra	28.3	12.3	17.3	12.5	48.5	ESE	20.0	1016.1	0	2.8	1.5	30
-40.582708000000004	-65.00138000000001	13.1.2021	2254	33.87	GPS	hembra	28.3	12.3	17.3	12.5	48.5	ESE	20.0	1016.1	0	2.8	1.5	30
-40.582729	-65.001456	13.1.2021	2259	33.85	GPS	hembra	28.3	12.3	17.3	12.5	48.5	ESE	20.0	1016.1	0	2.8	1.5	30
-40.58273	-65.001362	13.1.2021	2304	33.85	GPS	hembra	28.3	12.3	17.3	12.9	48.7	ESE	19.7	1017.2	0	3.2	1.6	30
-40.582746	-65.0017	13.1.2021	2309	33.82	GPS	hembra	28.3	12.3	17.3	12.9	48.7	ESE	19.7	1017.2	0	3.2	1.6	30
-40.582728	-65.00133000000001	13.1.2021	2315	33.94	GPS	hembra	28.3	12.3	17.3	12.9	48.7	ESE	19.7	1017.2	0	3.2	1.6	30
-40.582645	-65.001337	13.1.2021	2319	34.12	GPS	hembra	28.3	12.3	17.3	12.9	48.7	ESE	19.7	1017.2	0	3.2	1.6	30
-40.58271	-65.001324	13.1.2021	2324	33.82	GPS	hembra	28.3	12.3	17.3	12.9	48.7	ESE	19.7	1017.2	0	3.2	1.6	30
-40.582718	-65.00134399999999	13.1.2021	2329	33.55	GPS	hembra	28.3	12.3	17.3	12.9	48.7	ESE	19.7	1017.2	0	3.2	1.6	30
-40.582696	-65.001271	13.1.2021	2334	33.48	GPS	hembra	28.3	12.3	17.3	12.9	48.7	ESE	19.7	1017.2	0	3.2	1.6	30
-40.582652	-65.001295	13.1.2021	2339	33.43	GPS	hembra	28.3	12.3	17.3	12.9	48.7	ESE	19.7	1017.2	0	3.2	1.6	30
-40.582725	-65.001329	13.1.2021	2344	33.35	GPS	hembra	28.3	12.3	17.3	12.9	48.7	ESE	19.7	1017.2	0	3.2	1.6	30
-40.58263	-65.001293	13.1.2021	2349	33.36	GPS	hembra	28.3	12.3	17.3	12.9	48.7	ESE	19.7	1017.2	0	3.2	1.6	30
-40.582639	-65.001269	13.1.2021	2354	33.29	GPS	hembra	28.3	12.3	17.3	12.9	48.7	ESE	19.7	1017.2	0	3.2	1.6	30
