lat	lon	date	time	tempIMU	metodologia	sexo	tempmax(C)	tempmin(C)	tempmed(C)	Temprocíomediadiaria(C)	Humedadrelativadiaria(%)	vientodir	viento(km/h)vel	Presionsobreniveldelmar(Hp)	Prec(mm)	NubesTotOct	NubbajOct	Vis(km)
-40.582118	-65.000786	15.1.2021	1120	30.4	GPS	hembra	31.8	18.7	25.2	16.8	55.7	N	24.5	1011.3	*	4.6	2.8	30
-40.582139	-65.000799	15.1.2021	1125	36.16	GPS	hembra	31.8	18.7	25.2	16.8	55.7	N	24.5	1011.3	*	4.6	2.8	30
-40.582112	-65.000788	15.1.2021	1130	39.24	GPS	hembra	31.8	18.7	25.2	16.8	55.7	N	24.5	1011.3	*	4.6	2.8	30
-40.58214	-65.000782	15.1.2021	1135	41.23	GPS	hembra	31.8	18.7	25.2	16.8	55.7	N	24.5	1011.3	*	4.6	2.8	30
-40.582001	-65.000765	15.1.2021	1210	40.79	GPS	hembra	31.8	18.5	25.1	16.3	53.0	NNW	25.1	1006.7	2	4.5	3.1	30
-40.58202100000001	-65.00075600000001	15.1.2021	1215	41.16	GPS	hembra	31.8	18.5	25.1	16.3	53.0	NNW	25.1	1006.7	2	4.5	3.1	30
-40.582015999999996	-65.000775	15.1.2021	1220	41.63	GPS	hembra	31.8	18.5	25.1	16.3	53.0	NNW	25.1	1006.7	2	4.5	3.1	30
-40.582021999999995	-65.000742	15.1.2021	1225	40.99	GPS	hembra	31.8	18.5	25.1	16.3	53.0	NNW	25.1	1006.7	2	4.5	3.1	30
-40.58205	-65.000732	15.1.2021	1230	39.23	GPS	hembra	31.8	18.5	25.1	16.3	53.0	NNW	25.1	1006.7	2	4.5	3.1	30
-40.58210800000001	-65.000796	15.1.2021	1236	41.53	GPS	hembra	31.8	18.5	25.1	16.3	53.0	NNW	25.1	1006.7	2	4.5	3.1	30
-40.582173	-65.000973	15.1.2021	1241	42.53	GPS	hembra	31.8	18.5	25.1	16.3	53.0	NNW	25.1	1006.7	2	4.5	3.1	30
-40.582192	-65.001026	15.1.2021	1245	41.08	GPS	hembra	31.8	18.5	25.1	16.3	53.0	NNW	25.1	1006.7	2	4.5	3.1	30
-40.582203	-65.00099499999999	15.1.2021	1250	36.15	GPS	hembra	31.8	18.5	25.1	16.3	53.0	NNW	25.1	1006.7	2	4.5	3.1	30
-40.582203	-65.001018	15.1.2021	1255	33.9	GPS	hembra	31.8	18.5	25.1	16.3	53.0	NNW	25.1	1006.7	2	4.5	3.1	30
-40.582186	-65.000986	15.1.2021	1301	32.58	GPS	hembra	31.8	18.5	25.1	15.7	50.3	NNW	25.4	1006.5	2	4.5	3.4	30
-40.582164	-65.00100400000001	15.1.2021	1305	34.45	GPS	hembra	31.8	18.5	25.1	15.7	50.3	NNW	25.4	1006.5	2	4.5	3.4	30
-40.58234	-65.001047	15.1.2021	1311	39.1	GPS	hembra	31.8	18.5	25.1	15.7	50.3	NNW	25.4	1006.5	2	4.5	3.4	30
-40.582355	-65.00106099999999	15.1.2021	1316	38.24	GPS	hembra	31.8	18.5	25.1	15.7	50.3	NNW	25.4	1006.5	2	4.5	3.4	30
-40.582392999999996	-65.001048	15.1.2021	1321	34.73	GPS	hembra	31.8	18.5	25.1	15.7	50.3	NNW	25.4	1006.5	2	4.5	3.4	30
-40.58250200000001	-65.00114599999999	15.1.2021	1326	37.44	GPS	hembra	31.8	18.5	25.1	15.7	50.3	NNW	25.4	1006.5	2	4.5	3.4	30
-40.582401000000004	-65.001283	15.1.2021	1331	37.21	GPS	hembra	31.8	18.5	25.1	15.7	50.3	NNW	25.4	1006.5	2	4.5	3.4	30
-40.582345000000004	-65.001358	15.1.2021	1336	42.42	GPS	hembra	31.8	18.5	25.1	15.7	50.3	NNW	25.4	1006.5	2	4.5	3.4	30
-40.582307	-65.001355	15.1.2021	1341	40.25	GPS	hembra	31.8	18.5	25.1	15.7	50.3	NNW	25.4	1006.5	2	4.5	3.4	30
-40.582398	-65.00135	15.1.2021	1346	39.02	GPS	hembra	31.8	18.5	25.1	15.7	50.3	NNW	25.4	1006.5	2	4.5	3.4	30
-40.582330999999996	-65.001348	15.1.2021	1351	42.53	GPS	hembra	31.8	18.5	25.1	15.7	50.3	NNW	25.4	1006.5	2	4.5	3.4	30
-40.58237800000001	-65.001348	15.1.2021	1356	46.9	GPS	hembra	31.8	18.5	25.1	15.7	50.3	NNW	25.4	1006.5	2	4.5	3.4	30
-40.582346	-65.001375	15.1.2021	1402	39.24	GPS	hembra	31.8	18.5	25.1	14.9	47.1	NNW	25.1	1006.2	2	4.5	3.6	30
-40.582383	-65.00138000000001	15.1.2021	1406	38.84	GPS	hembra	31.8	18.5	25.1	14.9	47.1	NNW	25.1	1006.2	2	4.5	3.6	30
-40.582357	-65.001416	15.1.2021	1411	38.4	GPS	hembra	31.8	18.5	25.1	14.9	47.1	NNW	25.1	1006.2	2	4.5	3.6	30
-40.582433	-65.00140999999999	15.1.2021	1416	43.08	GPS	hembra	31.8	18.5	25.1	14.9	47.1	NNW	25.1	1006.2	2	4.5	3.6	30
-40.582493	-65.001501	15.1.2021	1421	49.1	GPS	hembra	31.8	18.5	25.1	14.9	47.1	NNW	25.1	1006.2	2	4.5	3.6	30
-40.582541	-65.001494	15.1.2021	1426	47.38	GPS	hembra	31.8	18.5	25.1	14.9	47.1	NNW	25.1	1006.2	2	4.5	3.6	30
-40.582621	-65.00143299999999	15.1.2021	1431	47.56	GPS	hembra	31.8	18.5	25.1	14.9	47.1	NNW	25.1	1006.2	2	4.5	3.6	30
-40.582725	-65.00130300000001	15.1.2021	1501	41.07	GPS	hembra	31.8	18.5	25.1	14.1	44.5	NNW	25.4	1006.1	2	4.6	3.8	30
-40.582696	-65.001273	15.1.2021	1506	39.17	GPS	hembra	31.8	18.5	25.1	14.1	44.5	NNW	25.4	1006.1	2	4.6	3.8	30
-40.582714	-65.00128199999999	15.1.2021	1511	38.22	GPS	hembra	31.8	18.5	25.1	14.1	44.5	NNW	25.4	1006.1	2	4.6	3.8	30
-40.582706	-65.001313	15.1.2021	1516	37.5	GPS	hembra	31.8	18.5	25.1	14.1	44.5	NNW	25.4	1006.1	2	4.6	3.8	30
-40.58270200000001	-65.001302	15.1.2021	1521	36.99	GPS	hembra	31.8	18.5	25.1	14.1	44.5	NNW	25.4	1006.1	2	4.6	3.8	30
-40.58264000000001	-65.00132099999999	15.1.2021	1526	36.71	GPS	hembra	31.8	18.5	25.1	14.1	44.5	NNW	25.4	1006.1	2	4.6	3.8	30
-40.582727	-65.001325	15.1.2021	1531	36.36	GPS	hembra	31.8	18.5	25.1	14.1	44.5	NNW	25.4	1006.1	2	4.6	3.8	30
-40.582615000000004	-65.001358	15.1.2021	1537	35.99	GPS	hembra	31.8	18.5	25.1	14.1	44.5	NNW	25.4	1006.1	2	4.6	3.8	30
-40.582675	-65.001361	15.1.2021	1541	35.98	GPS	hembra	31.8	18.5	25.1	14.1	44.5	NNW	25.4	1006.1	2	4.6	3.8	30
-40.582681	-65.001346	15.1.2021	1546	35.56	GPS	hembra	31.8	18.5	25.1	14.1	44.5	NNW	25.4	1006.1	2	4.6	3.8	30
-40.58269	-65.00135	15.1.2021	1551	35.31	GPS	hembra	31.8	18.5	25.1	14.1	44.5	NNW	25.4	1006.1	2	4.6	3.8	30
-40.582677000000004	-65.001385	15.1.2021	1556	35.14	GPS	hembra	31.8	18.5	25.1	14.1	44.5	NNW	25.4	1006.1	2	4.6	3.8	30
-40.58262	-65.001335	15.1.2021	1601	35.03	GPS	hembra	31.8	18.5	25.1	13.3	42.2	NNW	24.9	1006.0	2	4.8	4.0	30
-40.582763	-65.001339	15.1.2021	1606	35.0	GPS	hembra	31.8	18.5	25.1	13.3	42.2	NNW	24.9	1006.0	2	4.8	4.0	30
-40.582724	-65.001292	15.1.2021	1611	35.08	GPS	hembra	31.8	18.5	25.1	13.3	42.2	NNW	24.9	1006.0	2	4.8	4.0	30
-40.582637	-65.001279	15.1.2021	1616	35.02	GPS	hembra	31.8	18.5	25.1	13.3	42.2	NNW	24.9	1006.0	2	4.8	4.0	30
-40.582657	-65.001284	15.1.2021	1621	34.95	GPS	hembra	31.8	18.5	25.1	13.3	42.2	NNW	24.9	1006.0	2	4.8	4.0	30
-40.582736	-65.001289	15.1.2021	1626	34.91	GPS	hembra	31.8	18.5	25.1	13.3	42.2	NNW	24.9	1006.0	2	4.8	4.0	30
-40.582746	-65.001313	15.1.2021	1631	34.91	GPS	hembra	31.8	18.5	25.1	13.3	42.2	NNW	24.9	1006.0	2	4.8	4.0	30
-40.582535	-65.001279	15.1.2021	1636	34.92	GPS	hembra	31.8	18.5	25.1	13.3	42.2	NNW	24.9	1006.0	2	4.8	4.0	30
-40.582682	-65.001312	15.1.2021	1641	34.99	GPS	hembra	31.8	18.5	25.1	13.3	42.2	NNW	24.9	1006.0	2	4.8	4.0	30
-40.58264000000001	-65.00125799999999	15.1.2021	1646	34.93	GPS	hembra	31.8	18.5	25.1	13.3	42.2	NNW	24.9	1006.0	2	4.8	4.0	30
-40.582813	-65.001363	15.1.2021	1652	34.98	GPS	hembra	31.8	18.5	25.1	13.3	42.2	NNW	24.9	1006.0	2	4.8	4.0	30
-40.582719	-65.001301	15.1.2021	1657	35.05	GPS	hembra	31.8	18.5	25.1	13.3	42.2	NNW	24.9	1006.0	2	4.8	4.0	30
-40.582662	-65.001322	15.1.2021	1701	35.38	GPS	hembra	31.8	18.5	25.1	12.3	39.9	NW	24.8	1005.9	2	4.9	4.2	30
-40.582688	-65.00131400000001	15.1.2021	1706	35.18	GPS	hembra	31.8	18.5	25.1	12.3	39.9	NW	24.8	1005.9	2	4.9	4.2	30
-40.582687	-65.001306	15.1.2021	1711	35.08	GPS	hembra	31.8	18.5	25.1	12.3	39.9	NW	24.8	1005.9	2	4.9	4.2	30
-40.582718	-65.001271	15.1.2021	1717	35.05	GPS	hembra	31.8	18.5	25.1	12.3	39.9	NW	24.8	1005.9	2	4.9	4.2	30
-40.582749	-65.001323	15.1.2021	1722	35.02	GPS	hembra	31.8	18.5	25.1	12.3	39.9	NW	24.8	1005.9	2	4.9	4.2	30
-40.582676	-65.001253	15.1.2021	1727	34.99	GPS	hembra	31.8	18.5	25.1	12.3	39.9	NW	24.8	1005.9	2	4.9	4.2	30
-40.582673	-65.001319	15.1.2021	1732	34.93	GPS	hembra	31.8	18.5	25.1	12.3	39.9	NW	24.8	1005.9	2	4.9	4.2	30
-40.582648	-65.00126800000001	15.1.2021	1737	34.87	GPS	hembra	31.8	18.5	25.1	12.3	39.9	NW	24.8	1005.9	2	4.9	4.2	30
-40.582741	-65.001315	15.1.2021	1742	34.82	GPS	hembra	31.8	18.5	25.1	12.3	39.9	NW	24.8	1005.9	2	4.9	4.2	30
-40.582716999999995	-65.001294	15.1.2021	1747	34.78	GPS	hembra	31.8	18.5	25.1	12.3	39.9	NW	24.8	1005.9	2	4.9	4.2	30
-40.582657	-65.001243	15.1.2021	1752	34.91	GPS	hembra	31.8	18.5	25.1	12.3	39.9	NW	24.8	1005.9	2	4.9	4.2	30
-40.58271	-65.001272	15.1.2021	1757	34.96	GPS	hembra	31.8	18.5	25.1	12.3	39.9	NW	24.8	1005.9	2	4.9	4.2	30
-40.582654	-65.001214	15.1.2021	1802	35.1	GPS	hembra	31.8	18.5	25.1	11.3	37.8	NW	23.9	1005.8	2	5.1	4.2	30
-40.582657	-65.001248	15.1.2021	1807	35.22	GPS	hembra	31.8	18.5	25.1	11.3	37.8	NW	23.9	1005.8	2	5.1	4.2	30
-40.582599	-65.001121	15.1.2021	1812	35.45	GPS	hembra	31.8	18.5	25.1	11.3	37.8	NW	23.9	1005.8	2	5.1	4.2	30
-40.582695	-65.001274	15.1.2021	1817	35.3	GPS	hembra	31.8	18.5	25.1	11.3	37.8	NW	23.9	1005.8	2	5.1	4.2	30
-40.582718	-65.001235	15.1.2021	1822	35.36	GPS	hembra	31.8	18.5	25.1	11.3	37.8	NW	23.9	1005.8	2	5.1	4.2	30
-40.582695	-65.001216	15.1.2021	1827	35.13	GPS	hembra	31.8	18.5	25.1	11.3	37.8	NW	23.9	1005.8	2	5.1	4.2	30
-40.582743	-65.001257	15.1.2021	1832	34.99	GPS	hembra	31.8	18.5	25.1	11.3	37.8	NW	23.9	1005.8	2	5.1	4.2	30
-40.582665999999996	-65.00125200000001	15.1.2021	1837	34.9	GPS	hembra	31.8	18.5	25.1	11.3	37.8	NW	23.9	1005.8	2	5.1	4.2	30
-40.582701	-65.00126800000001	15.1.2021	1842	34.82	GPS	hembra	31.8	18.5	25.1	11.3	37.8	NW	23.9	1005.8	2	5.1	4.2	30
-40.582741999999996	-65.00116899999999	15.1.2021	1847	34.78	GPS	hembra	31.8	18.5	25.1	11.3	37.8	NW	23.9	1005.8	2	5.1	4.2	30
-40.582731	-65.001239	15.1.2021	1852	34.71	GPS	hembra	31.8	18.5	25.1	11.3	37.8	NW	23.9	1005.8	2	5.1	4.2	30
-40.582683	-65.001299	15.1.2021	1857	34.68	GPS	hembra	31.8	18.5	25.1	11.3	37.8	NW	23.9	1005.8	2	5.1	4.2	30
-40.582645	-65.001281	15.1.2021	1902	34.73	GPS	hembra	31.8	18.5	25.1	10.4	35.8	NW	23.1	1005.7	2	5.2	4.4	30
-40.582684	-65.001349	15.1.2021	1907	34.58	GPS	hembra	31.8	18.5	25.1	10.4	35.8	NW	23.1	1005.7	2	5.2	4.4	30
-40.582725	-65.001305	15.1.2021	1912	34.48	GPS	hembra	31.8	18.5	25.1	10.4	35.8	NW	23.1	1005.7	2	5.2	4.4	30
-40.582479	-65.001396	15.1.2021	1917	34.39	GPS	hembra	31.8	18.5	25.1	10.4	35.8	NW	23.1	1005.7	2	5.2	4.4	30
-40.582699	-65.001283	15.1.2021	1922	34.49	GPS	hembra	31.8	18.5	25.1	10.4	35.8	NW	23.1	1005.7	2	5.2	4.4	30
-40.582699	-65.00124699999999	15.1.2021	1927	34.36	GPS	hembra	31.8	18.5	25.1	10.4	35.8	NW	23.1	1005.7	2	5.2	4.4	30
-40.582718	-65.001283	15.1.2021	1933	34.39	GPS	hembra	31.8	18.5	25.1	10.4	35.8	NW	23.1	1005.7	2	5.2	4.4	30
-40.582704	-65.00126800000001	15.1.2021	1937	34.67	GPS	hembra	31.8	18.5	25.1	10.4	35.8	NW	23.1	1005.7	2	5.2	4.4	30
-40.582731	-65.001285	15.1.2021	1942	34.41	GPS	hembra	31.8	18.5	25.1	10.4	35.8	NW	23.1	1005.7	2	5.2	4.4	30
-40.58273	-65.00129100000001	15.1.2021	1947	34.29	GPS	hembra	31.8	18.5	25.1	10.4	35.8	NW	23.1	1005.7	2	5.2	4.4	30
-40.582728	-65.00125899999999	15.1.2021	1952	34.2	GPS	hembra	31.8	18.5	25.1	10.4	35.8	NW	23.1	1005.7	2	5.2	4.4	30
-40.58269	-65.001327	15.1.2021	1957	34.17	GPS	hembra	31.8	18.5	25.1	10.4	35.8	NW	23.1	1005.7	2	5.2	4.4	30
-40.582755999999996	-65.001278	15.1.2021	2002	34.11	GPS	hembra	31.8	18.5	25.1	9.9	35.5	NW	23.5	1005.5	2	5.2	4.5	30
-40.582703	-65.001285	15.1.2021	2007	34.04	GPS	hembra	31.8	18.5	25.1	9.9	35.5	NW	23.5	1005.5	2	5.2	4.5	30
-40.582738	-65.00131999999999	15.1.2021	2012	33.95	GPS	hembra	31.8	18.5	25.1	9.9	35.5	NW	23.5	1005.5	2	5.2	4.5	30
-40.58271	-65.001317	15.1.2021	2017	33.85	GPS	hembra	31.8	18.5	25.1	9.9	35.5	NW	23.5	1005.5	2	5.2	4.5	30
-40.582648	-65.001292	15.1.2021	2022	33.79	GPS	hembra	31.8	18.5	25.1	9.9	35.5	NW	23.5	1005.5	2	5.2	4.5	30
-40.582695	-65.00129	15.1.2021	2027	33.59	GPS	hembra	31.8	18.5	25.1	9.9	35.5	NW	23.5	1005.5	2	5.2	4.5	30
-40.582722	-65.001257	15.1.2021	2032	33.41	GPS	hembra	31.8	18.5	25.1	9.9	35.5	NW	23.5	1005.5	2	5.2	4.5	30
-40.582685	-65.00125200000001	15.1.2021	2037	33.12	GPS	hembra	31.8	18.5	25.1	9.9	35.5	NW	23.5	1005.5	2	5.2	4.5	30
-40.58272	-65.001301	15.1.2021	2042	33.15	GPS	hembra	31.8	18.5	25.1	9.9	35.5	NW	23.5	1005.5	2	5.2	4.5	30
-40.582807	-65.00122900000001	15.1.2021	2047	33.07	GPS	hembra	31.8	18.5	25.1	9.9	35.5	NW	23.5	1005.5	2	5.2	4.5	30
-40.582679999999996	-65.001302	15.1.2021	2052	32.95	GPS	hembra	31.8	18.5	25.1	9.9	35.5	NW	23.5	1005.5	2	5.2	4.5	30
-40.582749	-65.001246	15.1.2021	2057	32.78	GPS	hembra	31.8	18.5	25.1	9.9	35.5	NW	23.5	1005.5	2	5.2	4.5	30
-40.582758	-65.001221	15.1.2021	2103	32.73	GPS	hembra	31.8	18.5	25.1	9.6	36.9	WNW	24.9	1005.5	2	5.3	4.7	30
-40.582807	-65.001233	15.1.2021	2107	33.0	GPS	hembra	31.8	18.5	25.1	9.6	36.9	WNW	24.9	1005.5	2	5.3	4.7	30
-40.582719	-65.001261	15.1.2021	2112	32.66	GPS	hembra	31.8	18.5	25.1	9.6	36.9	WNW	24.9	1005.5	2	5.3	4.7	30
-40.582667	-65.001302	15.1.2021	2117	32.43	GPS	hembra	31.8	18.5	25.1	9.6	36.9	WNW	24.9	1005.5	2	5.3	4.7	30
-40.58275	-65.001293	15.1.2021	2123	32.25	GPS	hembra	31.8	18.5	25.1	9.6	36.9	WNW	24.9	1005.5	2	5.3	4.7	30
-40.582676	-65.001352	15.1.2021	2128	32.16	GPS	hembra	31.8	18.5	25.1	9.6	36.9	WNW	24.9	1005.5	2	5.3	4.7	30
-40.582862	-65.001188	15.1.2021	2133	32.1	GPS	hembra	31.8	18.5	25.1	9.6	36.9	WNW	24.9	1005.5	2	5.3	4.7	30
-40.582683	-65.001316	15.1.2021	2138	31.96	GPS	hembra	31.8	18.5	25.1	9.6	36.9	WNW	24.9	1005.5	2	5.3	4.7	30
-40.582674	-65.001308	15.1.2021	2143	31.86	GPS	hembra	31.8	18.5	25.1	9.6	36.9	WNW	24.9	1005.5	2	5.3	4.7	30
-40.582747999999995	-65.001264	15.1.2021	2148	31.77	GPS	hembra	31.8	18.5	25.1	9.6	36.9	WNW	24.9	1005.5	2	5.3	4.7	30
-40.582704	-65.001345	15.1.2021	2153	31.7	GPS	hembra	31.8	18.5	25.1	9.6	36.9	WNW	24.9	1005.5	2	5.3	4.7	30
-40.582687	-65.001384	15.1.2021	2158	31.58	GPS	hembra	31.8	18.5	25.1	9.6	36.9	WNW	24.9	1005.5	2	5.3	4.7	30
-40.582673	-65.00138299999999	15.1.2021	2203	31.55	GPS	hembra	29.5	18.5	23.9	9.4	38.9	W	24.9	1005.7	2	5.3	4.7	30
-40.582741999999996	-65.001299	15.1.2021	2208	31.45	GPS	hembra	29.5	18.5	23.9	9.4	38.9	W	24.9	1005.7	2	5.3	4.7	30
-40.58269	-65.001335	15.1.2021	2213	31.31	GPS	hembra	29.5	18.5	23.9	9.4	38.9	W	24.9	1005.7	2	5.3	4.7	30
-40.582688	-65.001357	15.1.2021	2218	31.2	GPS	hembra	29.5	18.5	23.9	9.4	38.9	W	24.9	1005.7	2	5.3	4.7	30
-40.582712	-65.00131800000001	15.1.2021	2223	31.17	GPS	hembra	29.5	18.5	23.9	9.4	38.9	W	24.9	1005.7	2	5.3	4.7	30
-40.582699	-65.001322	15.1.2021	2228	31.1	GPS	hembra	29.5	18.5	23.9	9.4	38.9	W	24.9	1005.7	2	5.3	4.7	30
-40.582708000000004	-65.001336	15.1.2021	2233	31.01	GPS	hembra	29.5	18.5	23.9	9.4	38.9	W	24.9	1005.7	2	5.3	4.7	30
-40.582726	-65.00139300000001	15.1.2021	2238	30.97	GPS	hembra	29.5	18.5	23.9	9.4	38.9	W	24.9	1005.7	2	5.3	4.7	30
-40.582728	-65.001274	15.1.2021	2243	30.85	GPS	hembra	29.5	18.5	23.9	9.4	38.9	W	24.9	1005.7	2	5.3	4.7	30
-40.582761	-65.001707	15.1.2021	2248	30.77	GPS	hembra	29.5	18.5	23.9	9.4	38.9	W	24.9	1005.7	2	5.3	4.7	30
-40.582722	-65.001339	15.1.2021	2253	30.92	GPS	hembra	29.5	18.5	23.9	9.4	38.9	W	24.9	1005.7	2	5.3	4.7	30
-40.582692	-65.00125799999999	15.1.2021	2258	30.67	GPS	hembra	29.5	18.5	23.9	9.4	38.9	W	24.9	1005.7	2	5.3	4.7	30
-40.582694000000004	-65.00126999999999	15.1.2021	2303	31.97	GPS	hembra	29.5	18.0	23.9	9.3	41.6	WSW	24.4	1005.8	2	5.2	4.7	30
-40.582735	-65.001287	15.1.2021	2308	30.48	GPS	hembra	29.5	18.0	23.9	9.3	41.6	WSW	24.4	1005.8	2	5.2	4.7	30
-40.58277800000001	-65.001397	15.1.2021	2313	30.39	GPS	hembra	29.5	18.0	23.9	9.3	41.6	WSW	24.4	1005.8	2	5.2	4.7	30
-40.582716999999995	-65.001361	15.1.2021	2328	30.2	GPS	hembra	29.5	18.0	23.9	9.3	41.6	WSW	24.4	1005.8	2	5.2	4.7	30
-40.582679999999996	-65.001341	15.1.2021	2333	30.13	GPS	hembra	29.5	18.0	23.9	9.3	41.6	WSW	24.4	1005.8	2	5.2	4.7	30
-40.582723	-65.001363	15.1.2021	2338	30.15	GPS	hembra	29.5	18.0	23.9	9.3	41.6	WSW	24.4	1005.8	2	5.2	4.7	30
-40.582722	-65.00143100000001	15.1.2021	2343	30.06	GPS	hembra	29.5	18.0	23.9	9.3	41.6	WSW	24.4	1005.8	2	5.2	4.7	30
-40.582724	-65.001366	15.1.2021	2348	29.89	GPS	hembra	29.5	18.0	23.9	9.3	41.6	WSW	24.4	1005.8	2	5.2	4.7	30
