lat	lon	date	time	tempIMU	metodologia	sexo	tempmax(C)	tempmin(C)	tempmed(C)	Temprocíomediadiaria(C)	Humedadrelativadiaria(%)	vientodir	viento(km/h)vel	Presionsobreniveldelmar(Hp)	Prec(mm)	NubesTotOct	NubbajOct	Vis(km)
-40.582571	-65.000555	11.1.2021	4	30.07	GPS	hembra	33.0	16.1	24.6	0.6	17.4	WNW	37.5	1005.2	0	3.9	1.1	30
-40.58265	-65.000585	11.1.2021	9	30.04	GPS	hembra	33.0	16.1	24.6	0.6	17.4	WNW	37.5	1005.2	0	3.9	1.1	30
-40.582714	-65.000631	11.1.2021	14	30.05	GPS	hembra	33.0	16.1	24.6	0.6	17.4	WNW	37.5	1005.2	0	3.9	1.1	30
-40.582674	-65.000561	11.1.2021	19	29.68	GPS	hembra	33.0	16.1	24.6	0.6	17.4	WNW	37.5	1005.2	0	3.9	1.1	30
-40.582674	-65.000462	11.1.2021	24	29.3	GPS	hembra	33.0	16.1	24.6	0.6	17.4	WNW	37.5	1005.2	0	3.9	1.1	30
-40.582617	-65.000776	11.1.2021	29	29.1	GPS	hembra	33.0	16.1	24.6	0.6	17.4	WNW	37.5	1005.2	0	3.9	1.1	30
-40.582671999999995	-65.000625	11.1.2021	34	28.96	GPS	hembra	33.0	16.1	24.6	0.6	17.4	WNW	37.5	1005.2	0	3.9	1.1	30
-40.58264000000001	-65.00060699999999	11.1.2021	39	28.8	GPS	hembra	33.0	16.1	24.6	0.6	17.4	WNW	37.5	1005.2	0	3.9	1.1	30
-40.58266	-65.0006	11.1.2021	44	28.64	GPS	hembra	33.0	16.1	24.6	0.6	17.4	WNW	37.5	1005.2	0	3.9	1.1	30
-40.582646000000004	-65.000511	11.1.2021	49	28.5	GPS	hembra	33.0	16.1	24.6	0.6	17.4	WNW	37.5	1005.2	0	3.9	1.1	30
-40.582638	-65.00054499999999	11.1.2021	54	28.45	GPS	hembra	33.0	16.1	24.6	0.6	17.4	WNW	37.5	1005.2	0	3.9	1.1	30
-40.582584000000004	-65.000465	11.1.2021	59	28.28	GPS	hembra	33.0	16.1	24.6	0.6	17.4	WNW	37.5	1005.2	0	3.9	1.1	30
-40.582581	-65.000636	11.1.2021	104	28.07	GPS	hembra	33.0	16.1	25.4	0.6	17.4	WNW	37.5	1005.2	0	3.9	1.1	30
-40.582659	-65.00062	11.1.2021	109	27.93	GPS	hembra	33.0	16.1	25.4	0.6	17.4	WNW	37.5	1005.2	0	3.9	1.1	30
-40.582629	-65.000535	11.1.2021	114	27.81	GPS	hembra	33.0	16.1	25.4	0.6	17.4	WNW	37.5	1005.2	0	3.9	1.1	30
-40.58262	-65.000587	11.1.2021	119	27.71	GPS	hembra	33.0	16.1	25.4	0.6	17.4	WNW	37.5	1005.2	0	3.9	1.1	30
-40.582617	-65.00063	11.1.2021	124	27.59	GPS	hembra	33.0	16.1	25.4	0.6	17.4	WNW	37.5	1005.2	0	3.9	1.1	30
-40.58263	-65.000672	11.1.2021	129	27.49	GPS	hembra	33.0	16.1	25.4	0.6	17.4	WNW	37.5	1005.2	0	3.9	1.1	30
-40.582651	-65.000569	11.1.2021	134	27.39	GPS	hembra	33.0	16.1	25.4	0.6	17.4	WNW	37.5	1005.2	0	3.9	1.1	30
-40.582658	-65.000599	11.1.2021	139	27.27	GPS	hembra	33.0	16.1	25.4	0.6	17.4	WNW	37.5	1005.2	0	3.9	1.1	30
-40.582675	-65.000561	11.1.2021	144	27.17	GPS	hembra	33.0	16.1	25.4	0.6	17.4	WNW	37.5	1005.2	0	3.9	1.1	30
-40.582651	-65.00059300000001	11.1.2021	150	27.06	GPS	hembra	33.0	16.1	25.4	0.6	17.4	WNW	37.5	1005.2	0	3.9	1.1	30
-40.582648	-65.000599	11.1.2021	154	27.16	GPS	hembra	33.0	16.1	25.4	0.6	17.4	WNW	37.5	1005.2	0	3.9	1.1	30
-40.582625	-65.000567	11.1.2021	159	26.84	GPS	hembra	33.0	16.1	25.4	0.6	17.4	WNW	37.5	1005.2	0	3.9	1.1	30
-40.58267	-65.000648	11.1.2021	204	26.67	GPS	hembra	33.0	16.1	25.7	0.6	17.4	WNW	37.5	1005.2	0	3.9	1.1	30
-40.582601000000004	-65.000472	11.1.2021	209	26.74	GPS	hembra	33.0	16.1	25.7	0.6	17.4	WNW	37.5	1005.2	0	3.9	1.1	30
-40.582625	-65.000535	11.1.2021	214	26.5	GPS	hembra	33.0	16.1	25.7	0.6	17.4	WNW	37.5	1005.2	0	3.9	1.1	30
-40.582615000000004	-65.000589	11.1.2021	219	26.33	GPS	hembra	33.0	16.1	25.7	0.6	17.4	WNW	37.5	1005.2	0	3.9	1.1	30
-40.582648999999996	-65.000589	11.1.2021	224	26.18	GPS	hembra	33.0	16.1	25.7	0.6	17.4	WNW	37.5	1005.2	0	3.9	1.1	30
-40.5827	-65.000599	11.1.2021	229	25.99	GPS	hembra	33.0	16.1	25.7	0.6	17.4	WNW	37.5	1005.2	0	3.9	1.1	30
-40.582592	-65.00052099999999	11.1.2021	234	25.87	GPS	hembra	33.0	16.1	25.7	0.6	17.4	WNW	37.5	1005.2	0	3.9	1.1	30
-40.582544	-65.000625	11.1.2021	239	25.75	GPS	hembra	33.0	16.1	25.7	0.6	17.4	WNW	37.5	1005.2	0	3.9	1.1	30
-40.582543	-65.000569	11.1.2021	244	25.58	GPS	hembra	33.0	16.1	25.7	0.6	17.4	WNW	37.5	1005.2	0	3.9	1.1	30
-40.582612	-65.00056	11.1.2021	249	25.44	GPS	hembra	33.0	16.1	25.7	0.6	17.4	WNW	37.5	1005.2	0	3.9	1.1	30
-40.582584999999995	-65.000578	11.1.2021	254	25.42	GPS	hembra	33.0	16.1	25.7	0.6	17.4	WNW	37.5	1005.2	0	3.9	1.1	30
-40.582614	-65.000578	11.1.2021	300	25.35	GPS	hembra	33.0	16.1	25.9	0.6	17.4	WNW	37.5	1005.2	0	3.9	1.1	30
-40.582637	-65.000585	11.1.2021	305	25.49	GPS	hembra	33.0	16.1	25.9	0.6	17.4	WNW	37.5	1005.2	0	3.9	1.1	30
-40.582615999999994	-65.000562	11.1.2021	310	25.48	GPS	hembra	33.0	16.1	25.9	0.6	17.4	WNW	37.5	1005.2	0	3.9	1.1	30
-40.582623	-65.000628	11.1.2021	314	25.52	GPS	hembra	33.0	16.1	25.9	0.6	17.4	WNW	37.5	1005.2	0	3.9	1.1	30
-40.582677000000004	-65.000551	11.1.2021	319	25.14	GPS	hembra	33.0	16.1	25.9	0.6	17.4	WNW	37.5	1005.2	0	3.9	1.1	30
-40.58280900000001	-65.00061	11.1.2021	324	24.94	GPS	hembra	33.0	16.1	25.9	0.6	17.4	WNW	37.5	1005.2	0	3.9	1.1	30
-40.582615999999994	-65.000608	11.1.2021	330	24.83	GPS	hembra	33.0	16.1	25.9	0.6	17.4	WNW	37.5	1005.2	0	3.9	1.1	30
-40.582637	-65.000589	11.1.2021	335	24.69	GPS	hembra	33.0	16.1	25.9	0.6	17.4	WNW	37.5	1005.2	0	3.9	1.1	30
-40.582652	-65.000636	11.1.2021	340	24.62	GPS	hembra	33.0	16.1	25.9	0.6	17.4	WNW	37.5	1005.2	0	3.9	1.1	30
-40.582696	-65.00054499999999	11.1.2021	345	24.51	GPS	hembra	33.0	16.1	25.9	0.6	17.4	WNW	37.5	1005.2	0	3.9	1.1	30
-40.582704	-65.000589	11.1.2021	350	24.44	GPS	hembra	33.0	16.1	25.9	0.6	17.4	WNW	37.5	1005.2	0	3.9	1.1	30
-40.582696	-65.000615	11.1.2021	355	24.42	GPS	hembra	33.0	16.1	25.9	0.6	17.4	WNW	37.5	1005.2	0	3.9	1.1	30
-40.582631	-65.00059499999999	11.1.2021	400	24.38	GPS	hembra	33.0	16.1	26.2	0.6	17.4	WNW	37.5	1005.2	0	3.9	1.1	30
-40.582631	-65.000546	11.1.2021	405	24.29	GPS	hembra	33.0	16.1	26.2	0.6	17.4	WNW	37.5	1005.2	0	3.9	1.1	30
-40.582656	-65.000603	11.1.2021	410	24.2	GPS	hembra	33.0	16.1	26.2	0.6	17.4	WNW	37.5	1005.2	0	3.9	1.1	30
-40.582631	-65.00059399999999	11.1.2021	415	24.14	GPS	hembra	33.0	16.1	26.2	0.6	17.4	WNW	37.5	1005.2	0	3.9	1.1	30
-40.582631	-65.000614	11.1.2021	420	24.08	GPS	hembra	33.0	16.1	26.2	0.6	17.4	WNW	37.5	1005.2	0	3.9	1.1	30
-40.582575	-65.000639	11.1.2021	425	23.98	GPS	hembra	33.0	16.1	26.2	0.6	17.4	WNW	37.5	1005.2	0	3.9	1.1	30
-40.582592	-65.000586	11.1.2021	430	23.74	GPS	hembra	33.0	16.1	26.2	0.6	17.4	WNW	37.5	1005.2	0	3.9	1.1	30
-40.582679	-65.00062	11.1.2021	435	23.64	GPS	hembra	33.0	16.1	26.2	0.6	17.4	WNW	37.5	1005.2	0	3.9	1.1	30
-40.582704	-65.000646	11.1.2021	440	23.54	GPS	hembra	33.0	16.1	26.2	0.6	17.4	WNW	37.5	1005.2	0	3.9	1.1	30
-40.582709	-65.000617	11.1.2021	445	23.38	GPS	hembra	33.0	16.1	26.2	0.6	17.4	WNW	37.5	1005.2	0	3.9	1.1	30
-40.582592	-65.000559	11.1.2021	450	23.26	GPS	hembra	33.0	16.1	26.2	0.6	17.4	WNW	37.5	1005.2	0	3.9	1.1	30
-40.58277800000001	-65.00067	11.1.2021	455	23.21	GPS	hembra	33.0	16.1	26.2	0.6	17.4	WNW	37.5	1005.2	0	3.9	1.1	30
-40.582811	-65.00068	11.1.2021	500	23.16	GPS	hembra	33.0	16.1	26.4	0.6	17.4	WNW	37.5	1005.2	0	3.9	1.1	30
-40.582728	-65.000694	11.1.2021	505	23.14	GPS	hembra	33.0	16.1	26.4	0.6	17.4	WNW	37.5	1005.2	0	3.9	1.1	30
-40.582637	-65.000562	11.1.2021	510	23.14	GPS	hembra	33.0	16.1	26.4	0.6	17.4	WNW	37.5	1005.2	0	3.9	1.1	30
-40.582689	-65.000577	11.1.2021	515	23.43	GPS	hembra	33.0	16.1	26.4	0.6	17.4	WNW	37.5	1005.2	0	3.9	1.1	30
-40.582631	-65.00060699999999	11.1.2021	520	23.11	GPS	hembra	33.0	16.1	26.4	0.6	17.4	WNW	37.5	1005.2	0	3.9	1.1	30
-40.582646999999994	-65.00059499999999	11.1.2021	525	22.99	GPS	hembra	33.0	16.1	26.4	0.6	17.4	WNW	37.5	1005.2	0	3.9	1.1	30
-40.582646000000004	-65.000599	11.1.2021	530	22.95	GPS	hembra	33.0	16.1	26.4	0.6	17.4	WNW	37.5	1005.2	0	3.9	1.1	30
-40.582599	-65.000555	11.1.2021	535	22.91	GPS	hembra	33.0	16.1	26.4	0.6	17.4	WNW	37.5	1005.2	0	3.9	1.1	30
-40.582667	-65.000617	11.1.2021	540	22.9	GPS	hembra	33.0	16.1	26.4	0.6	17.4	WNW	37.5	1005.2	0	3.9	1.1	30
-40.58260300000001	-65.00054	11.1.2021	545	22.84	GPS	hembra	33.0	16.1	26.4	0.6	17.4	WNW	37.5	1005.2	0	3.9	1.1	30
-40.582508000000004	-65.00044799999999	11.1.2021	550	22.8	GPS	hembra	33.0	16.1	26.4	0.6	17.4	WNW	37.5	1005.2	0	3.9	1.1	30
-40.582481	-65.00050300000001	11.1.2021	555	22.73	GPS	hembra	33.0	16.1	26.4	0.6	17.4	WNW	37.5	1005.2	0	3.9	1.1	30
-40.58282	-65.00060500000001	11.1.2021	605	22.89	GPS	hembra	33.0	16.1	26.7	0.6	17.4	WNW	37.5	1005.2	*	3.9	1.1	30
-40.582829	-65.00059399999999	11.1.2021	610	22.65	GPS	hembra	33.0	16.1	26.7	0.6	17.4	WNW	37.5	1005.2	*	3.9	1.1	30
-40.582692	-65.000584	11.1.2021	615	22.53	GPS	hembra	33.0	16.1	26.7	0.6	17.4	WNW	37.5	1005.2	*	3.9	1.1	30
-40.582924	-65.000751	11.1.2021	620	22.45	GPS	hembra	33.0	16.1	26.7	0.6	17.4	WNW	37.5	1005.2	*	3.9	1.1	30
-40.582852	-65.000753	11.1.2021	625	22.43	GPS	hembra	33.0	16.1	26.7	0.6	17.4	WNW	37.5	1005.2	*	3.9	1.1	30
-40.582879999999996	-65.000889	11.1.2021	630	22.38	GPS	hembra	33.0	16.1	26.7	0.6	17.4	WNW	37.5	1005.2	*	3.9	1.1	30
-40.582778999999995	-65.000843	11.1.2021	635	22.35	GPS	hembra	33.0	16.1	26.7	0.6	17.4	WNW	37.5	1005.2	*	3.9	1.1	30
-40.582791	-65.000924	11.1.2021	640	22.36	GPS	hembra	33.0	16.1	26.7	0.6	17.4	WNW	37.5	1005.2	*	3.9	1.1	30
-40.582815000000004	-65.000914	11.1.2021	645	22.47	GPS	hembra	33.0	16.1	26.7	0.6	17.4	WNW	37.5	1005.2	*	3.9	1.1	30
-40.582725	-65.00095	11.1.2021	650	22.45	GPS	hembra	33.0	16.1	26.7	0.6	17.4	WNW	37.5	1005.2	*	3.9	1.1	30
-40.582605	-65.000596	11.1.2021	655	22.63	GPS	hembra	33.0	16.1	26.7	0.6	17.4	WNW	37.5	1005.2	*	3.9	1.1	30
-40.582626	-65.000722	11.1.2021	701	22.52	GPS	hembra	33.0	16.1	24.6	0.6	17.4	WNW	37.5	1005.2	*	3.9	1.1	30
-40.582569	-65.000597	11.1.2021	705	22.91	GPS	hembra	33.0	16.1	24.6	0.6	17.4	WNW	37.5	1005.2	*	3.9	1.1	30
-40.582565	-65.000618	11.1.2021	710	22.65	GPS	hembra	33.0	16.1	24.6	0.6	17.4	WNW	37.5	1005.2	*	3.9	1.1	30
-40.582583	-65.000662	11.1.2021	715	22.6	GPS	hembra	33.0	16.1	24.6	0.6	17.4	WNW	37.5	1005.2	*	3.9	1.1	30
-40.582613	-65.00070600000001	11.1.2021	721	22.45	GPS	hembra	33.0	16.1	24.6	0.6	17.4	WNW	37.5	1005.2	*	3.9	1.1	30
-40.582626	-65.000648	11.1.2021	726	22.27	GPS	hembra	33.0	16.1	24.6	0.6	17.4	WNW	37.5	1005.2	*	3.9	1.1	30
-40.582612	-65.000612	11.1.2021	731	22.16	GPS	hembra	33.0	16.1	24.6	0.6	17.4	WNW	37.5	1005.2	*	3.9	1.1	30
-40.582506	-65.000475	11.1.2021	736	22.18	GPS	hembra	33.0	16.1	24.6	0.6	17.4	WNW	37.5	1005.2	*	3.9	1.1	30
-40.582644	-65.000658	11.1.2021	741	22.21	GPS	hembra	33.0	16.1	24.6	0.6	17.4	WNW	37.5	1005.2	*	3.9	1.1	30
-40.58262	-65.000612	11.1.2021	746	22.26	GPS	hembra	33.0	16.1	24.6	0.6	17.4	WNW	37.5	1005.2	*	3.9	1.1	30
-40.582584000000004	-65.000613	11.1.2021	751	22.29	GPS	hembra	33.0	16.1	24.6	0.6	17.4	WNW	37.5	1005.2	*	3.9	1.1	30
-40.582494	-65.000512	11.1.2021	756	22.22	GPS	hembra	33.0	16.1	24.6	0.6	17.4	WNW	37.5	1005.2	*	3.9	1.1	30
-40.582578999999996	-65.000556	11.1.2021	801	22.17	GPS	hembra	33.0	16.1	24.6	0.6	17.4	WNW	37.5	1005.2	*	3.9	1.1	30
-40.58253	-65.000514	11.1.2021	806	22.08	GPS	hembra	33.0	16.1	24.6	0.6	17.4	WNW	37.5	1005.2	*	3.9	1.1	30
-40.582578999999996	-65.000524	11.1.2021	811	22.08	GPS	hembra	33.0	16.1	24.6	0.6	17.4	WNW	37.5	1005.2	*	3.9	1.1	30
-40.582547	-65.00052099999999	11.1.2021	816	21.98	GPS	hembra	33.0	16.1	24.6	0.6	17.4	WNW	37.5	1005.2	*	3.9	1.1	30
-40.582628	-65.000564	11.1.2021	821	21.99	GPS	hembra	33.0	16.1	24.6	0.6	17.4	WNW	37.5	1005.2	*	3.9	1.1	30
-40.582636	-65.000598	11.1.2021	826	22.15	GPS	hembra	33.0	16.1	24.6	0.6	17.4	WNW	37.5	1005.2	*	3.9	1.1	30
-40.582652	-65.0006	11.1.2021	831	21.95	GPS	hembra	33.0	16.1	24.6	0.6	17.4	WNW	37.5	1005.2	*	3.9	1.1	30
-40.582682	-65.000612	11.1.2021	836	21.85	GPS	hembra	33.0	16.1	24.6	0.6	17.4	WNW	37.5	1005.2	*	3.9	1.1	30
-40.582572	-65.000458	11.1.2021	841	21.68	GPS	hembra	33.0	16.1	24.6	0.6	17.4	WNW	37.5	1005.2	*	3.9	1.1	30
-40.582727	-65.000887	11.1.2021	846	21.42	GPS	hembra	33.0	16.1	24.6	0.6	17.4	WNW	37.5	1005.2	*	3.9	1.1	30
