lat	lon	date	time	tempIMU	metodologia	sexo	tempmax(C)	tempmin(C)	tempmed(C)	Temprocíomediadiaria(C)	Humedadrelativadiaria(%)	vientodir	viento(km/h)vel	Presionsobreniveldelmar(Hp)	Prec(mm)	NubesTotOct	NubbajOct	Vis(km)
-40.582694000000004	-65.00126	12.1.2021	1147	34.47	GPS	hembra	24.0	16.8	20.4	2.2	32.1	SSW	22.2	1012.6	*	3.8	3.8	30
-40.58271	-65.001274	12.1.2021	1152	39.74	GPS	hembra	24.0	16.8	20.4	2.2	32.1	SSW	22.2	1012.6	*	3.8	3.8	30
-40.582694000000004	-65.001283	12.1.2021	1157	42.67	GPS	hembra	24.0	16.8	20.4	2.2	32.1	SSW	22.2	1012.6	*	3.8	3.8	30
-40.582705	-65.001286	12.1.2021	1202	45.76	GPS	hembra	24.0	7.5	15.8	2.0	31.4	SSW	21.2	1013.1	0	3.3	3.6	30
-40.582691	-65.001287	12.1.2021	1207	47.39	GPS	hembra	24.0	7.5	15.8	2.0	31.4	SSW	21.2	1013.1	0	3.3	3.6	30
-40.582696	-65.00128000000001	12.1.2021	1212	48.96	GPS	hembra	24.0	7.5	15.8	2.0	31.4	SSW	21.2	1013.1	0	3.3	3.6	30
-40.582695	-65.00125200000001	12.1.2021	1217	50.25	GPS	hembra	24.0	7.5	15.8	2.0	31.4	SSW	21.2	1013.1	0	3.3	3.6	30
-40.582718	-65.001267	12.1.2021	1222	51.16	GPS	hembra	24.0	7.5	15.8	2.0	31.4	SSW	21.2	1013.1	0	3.3	3.6	30
-40.582723	-65.001271	12.1.2021	1227	52.31	GPS	hembra	24.0	7.5	15.8	2.0	31.4	SSW	21.2	1013.1	0	3.3	3.6	30
-40.582709	-65.001274	12.1.2021	1232	52.57	GPS	hembra	24.0	7.5	15.8	2.0	31.4	SSW	21.2	1013.1	0	3.3	3.6	30
-40.582719	-65.001295	12.1.2021	1237	53.18	GPS	hembra	24.0	7.5	15.8	2.0	31.4	SSW	21.2	1013.1	0	3.3	3.6	30
-40.582691	-65.001281	12.1.2021	1242	54.14	GPS	hembra	24.0	7.5	15.8	2.0	31.4	SSW	21.2	1013.1	0	3.3	3.6	30
-40.582715	-65.0013	12.1.2021	1247	55.2	GPS	hembra	24.0	7.5	15.8	2.0	31.4	SSW	21.2	1013.1	0	3.3	3.6	30
-40.582719	-65.00128199999999	12.1.2021	1252	56.18	GPS	hembra	24.0	7.5	15.8	2.0	31.4	SSW	21.2	1013.1	0	3.3	3.6	30
-40.582721	-65.001289	12.1.2021	1257	57.05	GPS	hembra	24.0	7.5	15.8	2.0	31.4	SSW	21.2	1013.1	0	3.3	3.6	30
-40.582716	-65.001307	12.1.2021	1302	52.11	GPS	hembra	24.0	7.5	15.8	1.7	30.5	S	18.2	1013.5	0	2.9	3.5	30
-40.582723	-65.001354	12.1.2021	1322	40.49	GPS	hembra	24.0	7.5	15.8	1.7	30.5	S	18.2	1013.5	0	2.9	3.5	30
-40.582744	-65.001372	12.1.2021	1327	36.27	GPS	hembra	24.0	7.5	15.8	1.7	30.5	S	18.2	1013.5	0	2.9	3.5	30
-40.582698	-65.00122900000001	12.1.2021	1332	34.29	GPS	hembra	24.0	7.5	15.8	1.7	30.5	S	18.2	1013.5	0	2.9	3.5	30
-40.582706	-65.001341	12.1.2021	1337	33.02	GPS	hembra	24.0	7.5	15.8	1.7	30.5	S	18.2	1013.5	0	2.9	3.5	30
-40.582721	-65.00126	12.1.2021	1342	32.28	GPS	hembra	24.0	7.5	15.8	1.7	30.5	S	18.2	1013.5	0	2.9	3.5	30
-40.582725	-65.001234	12.1.2021	1347	31.84	GPS	hembra	24.0	7.5	15.8	1.7	30.5	S	18.2	1013.5	0	2.9	3.5	30
-40.582679999999996	-65.000966	12.1.2021	1352	31.57	GPS	hembra	24.0	7.5	15.8	1.7	30.5	S	18.2	1013.5	0	2.9	3.5	30
-40.582705	-65.001232	12.1.2021	1357	31.65	GPS	hembra	24.0	7.5	15.8	1.7	30.5	S	18.2	1013.5	0	2.9	3.5	30
-40.582709	-65.001313	12.1.2021	1403	31.84	GPS	hembra	24.0	7.5	15.8	2.5	31.3	S	19.1	1013.8	0	2.6	3.4	30
-40.582945	-65.001044	12.1.2021	1408	32.3	GPS	hembra	24.0	7.5	15.8	2.5	31.3	S	19.1	1013.8	0	2.6	3.4	30
-40.582747	-65.001233	12.1.2021	1412	32.18	GPS	hembra	24.0	7.5	15.8	2.5	31.3	S	19.1	1013.8	0	2.6	3.4	30
-40.582696	-65.001285	12.1.2021	1417	31.99	GPS	hembra	24.0	7.5	15.8	2.5	31.3	S	19.1	1013.8	0	2.6	3.4	30
-40.582642	-65.001354	12.1.2021	1422	32.03	GPS	hembra	24.0	7.5	15.8	2.5	31.3	S	19.1	1013.8	0	2.6	3.4	30
-40.582725	-65.001315	12.1.2021	1427	32.06	GPS	hembra	24.0	7.5	15.8	2.5	31.3	S	19.1	1013.8	0	2.6	3.4	30
-40.58273300000001	-65.00125600000001	12.1.2021	1432	32.1	GPS	hembra	24.0	7.5	15.8	2.5	31.3	S	19.1	1013.8	0	2.6	3.4	30
-40.582772	-65.00119699999999	12.1.2021	1437	32.24	GPS	hembra	24.0	7.5	15.8	2.5	31.3	S	19.1	1013.8	0	2.6	3.4	30
-40.582732	-65.001302	12.1.2021	1442	32.34	GPS	hembra	24.0	7.5	15.8	2.5	31.3	S	19.1	1013.8	0	2.6	3.4	30
-40.582718	-65.001278	12.1.2021	1448	32.59	GPS	hembra	24.0	7.5	15.8	2.5	31.3	S	19.1	1013.8	0	2.6	3.4	30
-40.582607	-65.001449	12.1.2021	1452	33.17	GPS	hembra	24.0	7.5	15.8	2.5	31.3	S	19.1	1013.8	0	2.6	3.4	30
-40.582809999999995	-65.001172	12.1.2021	1457	33.06	GPS	hembra	24.0	7.5	15.8	2.5	31.3	S	19.1	1013.8	0	2.6	3.4	30
-40.582541	-65.001333	12.1.2021	1502	33.11	GPS	hembra	25.2	7.5	15.8	3.0	31.6	SSW	20.0	1013.8	0	2.5	3.1	30
-40.582743	-65.001266	12.1.2021	1508	33.3	GPS	hembra	25.2	7.5	15.8	3.0	31.6	SSW	20.0	1013.8	0	2.5	3.1	30
-40.58267	-65.001357	12.1.2021	1513	33.49	GPS	hembra	25.2	7.5	15.8	3.0	31.6	SSW	20.0	1013.8	0	2.5	3.1	30
-40.58264000000001	-65.001337	12.1.2021	1518	33.63	GPS	hembra	25.2	7.5	15.8	3.0	31.6	SSW	20.0	1013.8	0	2.5	3.1	30
-40.582695	-65.001328	12.1.2021	1523	33.74	GPS	hembra	25.2	7.5	15.8	3.0	31.6	SSW	20.0	1013.8	0	2.5	3.1	30
-40.582688	-65.001335	12.1.2021	1528	33.87	GPS	hembra	25.2	7.5	15.8	3.0	31.6	SSW	20.0	1013.8	0	2.5	3.1	30
-40.582691	-65.001327	12.1.2021	1533	34.16	GPS	hembra	25.2	7.5	15.8	3.0	31.6	SSW	20.0	1013.8	0	2.5	3.1	30
-40.582747	-65.001293	12.1.2021	1538	34.15	GPS	hembra	25.2	7.5	15.8	3.0	31.6	SSW	20.0	1013.8	0	2.5	3.1	30
-40.582701	-65.001341	12.1.2021	1543	34.2	GPS	hembra	25.2	7.5	15.8	3.0	31.6	SSW	20.0	1013.8	0	2.5	3.1	30
-40.582718	-65.001328	12.1.2021	1548	34.23	GPS	hembra	25.2	7.5	15.8	3.0	31.6	SSW	20.0	1013.8	0	2.5	3.1	30
-40.582708000000004	-65.001317	12.1.2021	1553	34.2	GPS	hembra	25.2	7.5	15.8	3.0	31.6	SSW	20.0	1013.8	0	2.5	3.1	30
-40.582712	-65.001296	12.1.2021	1558	34.22	GPS	hembra	25.2	7.5	15.8	3.0	31.6	SSW	20.0	1013.8	0	2.5	3.1	30
-40.582716	-65.001306	12.1.2021	1603	34.26	GPS	hembra	26.0	7.5	15.8	3.8	32.6	SSW	20.5	1014.0	0	2.4	2.7	30
-40.582713	-65.001267	12.1.2021	1608	34.43	GPS	hembra	26.0	7.5	15.8	3.8	32.6	SSW	20.5	1014.0	0	2.4	2.7	30
-40.582701	-65.001266	12.1.2021	1613	34.2	GPS	hembra	26.0	7.5	15.8	3.8	32.6	SSW	20.5	1014.0	0	2.4	2.7	30
-40.582719	-65.001299	12.1.2021	1618	34.13	GPS	hembra	26.0	7.5	15.8	3.8	32.6	SSW	20.5	1014.0	0	2.4	2.7	30
-40.58266500000001	-65.001302	12.1.2021	1623	34.08	GPS	hembra	26.0	7.5	15.8	3.8	32.6	SSW	20.5	1014.0	0	2.4	2.7	30
-40.582719	-65.001317	12.1.2021	1628	34.09	GPS	hembra	26.0	7.5	15.8	3.8	32.6	SSW	20.5	1014.0	0	2.4	2.7	30
-40.582713	-65.001273	12.1.2021	1633	34.08	GPS	hembra	26.0	7.5	15.8	3.8	32.6	SSW	20.5	1014.0	0	2.4	2.7	30
-40.582695	-65.001308	12.1.2021	1638	34.14	GPS	hembra	26.0	7.5	15.8	3.8	32.6	SSW	20.5	1014.0	0	2.4	2.7	30
-40.582687	-65.001283	12.1.2021	1643	34.22	GPS	hembra	26.0	7.5	15.8	3.8	32.6	SSW	20.5	1014.0	0	2.4	2.7	30
-40.582692	-65.001312	12.1.2021	1648	34.19	GPS	hembra	26.0	7.5	15.8	3.8	32.6	SSW	20.5	1014.0	0	2.4	2.7	30
-40.582659	-65.001346	12.1.2021	1653	34.17	GPS	hembra	26.0	7.5	15.8	3.8	32.6	SSW	20.5	1014.0	0	2.4	2.7	30
-40.582639	-65.001316	12.1.2021	1658	34.16	GPS	hembra	26.0	7.5	15.8	3.8	32.6	SSW	20.5	1014.0	0	2.4	2.7	30
-40.582707	-65.001296	12.1.2021	1703	34.13	GPS	hembra	27.0	7.5	15.8	4.8	33.5	SW	22.5	1014.2	0	2.2	2.2	30
-40.582684	-65.001308	12.1.2021	1708	34.11	GPS	hembra	27.0	7.5	15.8	4.8	33.5	SW	22.5	1014.2	0	2.2	2.2	30
-40.582716	-65.001287	12.1.2021	1713	34.11	GPS	hembra	27.0	7.5	15.8	4.8	33.5	SW	22.5	1014.2	0	2.2	2.2	30
-40.582705	-65.001322	12.1.2021	1718	34.13	GPS	hembra	27.0	7.5	15.8	4.8	33.5	SW	22.5	1014.2	0	2.2	2.2	30
-40.582696999999996	-65.001284	12.1.2021	1723	34.11	GPS	hembra	27.0	7.5	15.8	4.8	33.5	SW	22.5	1014.2	0	2.2	2.2	30
-40.582713	-65.00133000000001	12.1.2021	1728	34.11	GPS	hembra	27.0	7.5	15.8	4.8	33.5	SW	22.5	1014.2	0	2.2	2.2	30
-40.582681	-65.001227	12.1.2021	1733	34.13	GPS	hembra	27.0	7.5	15.8	4.8	33.5	SW	22.5	1014.2	0	2.2	2.2	30
-40.58266500000001	-65.00120799999999	12.1.2021	1738	34.08	GPS	hembra	27.0	7.5	15.8	4.8	33.5	SW	22.5	1014.2	0	2.2	2.2	30
-40.582648	-65.00129	12.1.2021	1743	34.16	GPS	hembra	27.0	7.5	15.8	4.8	33.5	SW	22.5	1014.2	0	2.2	2.2	30
-40.582643	-65.001347	12.1.2021	1748	34.15	GPS	hembra	27.0	7.5	15.8	4.8	33.5	SW	22.5	1014.2	0	2.2	2.2	30
-40.582774	-65.00139300000001	12.1.2021	1753	34.29	GPS	hembra	27.0	7.5	15.8	4.8	33.5	SW	22.5	1014.2	0	2.2	2.2	30
-40.582657	-65.001278	12.1.2021	1758	34.49	GPS	hembra	27.0	7.5	15.8	4.8	33.5	SW	22.5	1014.2	0	2.2	2.2	30
-40.582392	-65.001174	12.1.2021	1803	34.44	GPS	hembra	27.5	7.5	15.8	5.6	34.3	WSW	24.1	1014.3	0	1.9	1.7	30
-40.58263400000001	-65.00125	12.1.2021	1808	34.43	GPS	hembra	27.5	7.5	15.8	5.6	34.3	WSW	24.1	1014.3	0	1.9	1.7	30
-40.582638	-65.001238	12.1.2021	1813	34.45	GPS	hembra	27.5	7.5	15.8	5.6	34.3	WSW	24.1	1014.3	0	1.9	1.7	30
-40.582723	-65.001322	12.1.2021	1818	34.45	GPS	hembra	27.5	7.5	15.8	5.6	34.3	WSW	24.1	1014.3	0	1.9	1.7	30
-40.582683	-65.00126800000001	12.1.2021	1824	34.31	GPS	hembra	27.5	7.5	15.8	5.6	34.3	WSW	24.1	1014.3	0	1.9	1.7	30
-40.582718	-65.001288	12.1.2021	1828	34.42	GPS	hembra	27.5	7.5	15.8	5.6	34.3	WSW	24.1	1014.3	0	1.9	1.7	30
-40.582732	-65.001261	12.1.2021	1833	34.21	GPS	hembra	27.5	7.5	15.8	5.6	34.3	WSW	24.1	1014.3	0	1.9	1.7	30
-40.58270200000001	-65.001286	12.1.2021	1838	34.12	GPS	hembra	27.5	7.5	15.8	5.6	34.3	WSW	24.1	1014.3	0	1.9	1.7	30
-40.582724	-65.001333	12.1.2021	1843	34.05	GPS	hembra	27.5	7.5	15.8	5.6	34.3	WSW	24.1	1014.3	0	1.9	1.7	30
-40.582696	-65.001228	12.1.2021	1848	33.99	GPS	hembra	27.5	7.5	15.8	5.6	34.3	WSW	24.1	1014.3	0	1.9	1.7	30
-40.582716999999995	-65.001238	12.1.2021	1853	33.92	GPS	hembra	27.5	7.5	15.8	5.6	34.3	WSW	24.1	1014.3	0	1.9	1.7	30
-40.582706	-65.001305	12.1.2021	1858	33.96	GPS	hembra	27.5	7.5	15.8	5.6	34.3	WSW	24.1	1014.3	0	1.9	1.7	30
-40.58273	-65.00125799999999	12.1.2021	1904	33.96	GPS	hembra	28.2	7.5	15.8	6.4	34.9	W	25.7	1014.3	0	1.8	1.2	30
-40.582713	-65.001293	12.1.2021	1908	34.0	GPS	hembra	28.2	7.5	15.8	6.4	34.9	W	25.7	1014.3	0	1.8	1.2	30
-40.582714	-65.001243	12.1.2021	1913	33.91	GPS	hembra	28.2	7.5	15.8	6.4	34.9	W	25.7	1014.3	0	1.8	1.2	30
-40.58273	-65.001263	12.1.2021	1918	33.86	GPS	hembra	28.2	7.5	15.8	6.4	34.9	W	25.7	1014.3	0	1.8	1.2	30
-40.582732	-65.001311	12.1.2021	1924	33.8	GPS	hembra	28.2	7.5	15.8	6.4	34.9	W	25.7	1014.3	0	1.8	1.2	30
-40.582726	-65.001325	12.1.2021	1929	33.79	GPS	hembra	28.2	7.5	15.8	6.4	34.9	W	25.7	1014.3	0	1.8	1.2	30
-40.582703	-65.001327	12.1.2021	1934	33.71	GPS	hembra	28.2	7.5	15.8	6.4	34.9	W	25.7	1014.3	0	1.8	1.2	30
-40.582722	-65.001262	12.1.2021	1939	33.64	GPS	hembra	28.2	7.5	15.8	6.4	34.9	W	25.7	1014.3	0	1.8	1.2	30
-40.582676	-65.00130300000001	12.1.2021	1944	33.76	GPS	hembra	28.2	7.5	15.8	6.4	34.9	W	25.7	1014.3	0	1.8	1.2	30
-40.582716999999995	-65.00133199999999	12.1.2021	1949	33.66	GPS	hembra	28.2	7.5	15.8	6.4	34.9	W	25.7	1014.3	0	1.8	1.2	30
-40.582712	-65.00129799999999	12.1.2021	1954	33.61	GPS	hembra	28.2	7.5	15.8	6.4	34.9	W	25.7	1014.3	0	1.8	1.2	30
-40.58269	-65.001302	12.1.2021	1959	33.93	GPS	hembra	28.2	7.5	15.8	6.4	34.9	W	25.7	1014.3	0	1.8	1.2	30
-40.582728	-65.001328	12.1.2021	2004	33.68	GPS	hembra	28.2	7.5	15.8	6.4	34.5	W	25.4	1014.3	0	1.5	1.0	30
-40.582734	-65.001301	12.1.2021	2009	33.58	GPS	hembra	28.2	7.5	15.8	6.4	34.5	W	25.4	1014.3	0	1.5	1.0	30
-40.58270200000001	-65.00129	12.1.2021	2014	33.51	GPS	hembra	28.2	7.5	15.8	6.4	34.5	W	25.4	1014.3	0	1.5	1.0	30
-40.582681	-65.001324	12.1.2021	2019	33.48	GPS	hembra	28.2	7.5	15.8	6.4	34.5	W	25.4	1014.3	0	1.5	1.0	30
-40.58274	-65.00131	12.1.2021	2024	33.43	GPS	hembra	28.2	7.5	15.8	6.4	34.5	W	25.4	1014.3	0	1.5	1.0	30
-40.582710999999996	-65.001297	12.1.2021	2029	33.39	GPS	hembra	28.2	7.5	15.8	6.4	34.5	W	25.4	1014.3	0	1.5	1.0	30
-40.5827	-65.001345	12.1.2021	2034	33.33	GPS	hembra	28.2	7.5	15.8	6.4	34.5	W	25.4	1014.3	0	1.5	1.0	30
-40.582710999999996	-65.0013	12.1.2021	2039	33.28	GPS	hembra	28.2	7.5	15.8	6.4	34.5	W	25.4	1014.3	0	1.5	1.0	30
-40.582706	-65.001305	12.1.2021	2044	33.19	GPS	hembra	28.2	7.5	15.8	6.4	34.5	W	25.4	1014.3	0	1.5	1.0	30
-40.58272	-65.00129799999999	12.1.2021	2049	33.13	GPS	hembra	28.2	7.5	15.8	6.4	34.5	W	25.4	1014.3	0	1.5	1.0	30
-40.582677000000004	-65.001297	12.1.2021	2054	33.13	GPS	hembra	28.2	7.5	15.8	6.4	34.5	W	25.4	1014.3	0	1.5	1.0	30
-40.582669	-65.001437	12.1.2021	2059	33.09	GPS	hembra	28.2	7.5	15.8	6.4	34.5	W	25.4	1014.3	0	1.5	1.0	30
-40.582701	-65.001349	12.1.2021	2104	33.13	GPS	hembra	28.2	7.5	15.8	6.2	33.7	W	25.8	1014.3	0	1.3	0.8	30
-40.582724	-65.001306	12.1.2021	2109	33.1	GPS	hembra	28.2	7.5	15.8	6.2	33.7	W	25.8	1014.3	0	1.3	0.8	30
-40.582723	-65.001296	12.1.2021	2114	32.98	GPS	hembra	28.2	7.5	15.8	6.2	33.7	W	25.8	1014.3	0	1.3	0.8	30
-40.582693	-65.001345	12.1.2021	2119	33.05	GPS	hembra	28.2	7.5	15.8	6.2	33.7	W	25.8	1014.3	0	1.3	0.8	30
-40.582681	-65.001335	12.1.2021	2124	33.08	GPS	hembra	28.2	7.5	15.8	6.2	33.7	W	25.8	1014.3	0	1.3	0.8	30
-40.582710999999996	-65.001305	12.1.2021	2129	33.01	GPS	hembra	28.2	7.5	15.8	6.2	33.7	W	25.8	1014.3	0	1.3	0.8	30
-40.582739000000004	-65.001308	12.1.2021	2134	33.06	GPS	hembra	28.2	7.5	15.8	6.2	33.7	W	25.8	1014.3	0	1.3	0.8	30
-40.58274	-65.001246	12.1.2021	2139	32.89	GPS	hembra	28.2	7.5	15.8	6.2	33.7	W	25.8	1014.3	0	1.3	0.8	30
-40.582755999999996	-65.001187	12.1.2021	2144	32.83	GPS	hembra	28.2	7.5	15.8	6.2	33.7	W	25.8	1014.3	0	1.3	0.8	30
-40.582776	-65.001302	12.1.2021	2149	32.88	GPS	hembra	28.2	7.5	15.8	6.2	33.7	W	25.8	1014.3	0	1.3	0.8	30
-40.582677000000004	-65.001307	12.1.2021	2154	32.72	GPS	hembra	28.2	7.5	15.8	6.2	33.7	W	25.8	1014.3	0	1.3	0.8	30
-40.582693	-65.001306	12.1.2021	2200	32.65	GPS	hembra	28.2	7.5	14.0	6.3	33.9	WSW	26.2	1014.4	0	1.2	0.6	30
-40.582676	-65.001308	12.1.2021	2204	32.85	GPS	hembra	28.2	7.5	14.0	6.3	33.9	WSW	26.2	1014.4	0	1.2	0.6	30
-40.582715	-65.001296	12.1.2021	2209	32.6	GPS	hembra	28.2	7.5	14.0	6.3	33.9	WSW	26.2	1014.4	0	1.2	0.6	30
-40.582696	-65.00128199999999	12.1.2021	2214	32.42	GPS	hembra	28.2	7.5	14.0	6.3	33.9	WSW	26.2	1014.4	0	1.2	0.6	30
-40.582669	-65.00131	12.1.2021	2219	32.33	GPS	hembra	28.2	7.5	14.0	6.3	33.9	WSW	26.2	1014.4	0	1.2	0.6	30
-40.582744	-65.00125600000001	12.1.2021	2224	32.25	GPS	hembra	28.2	7.5	14.0	6.3	33.9	WSW	26.2	1014.4	0	1.2	0.6	30
-40.58272	-65.001323	12.1.2021	2229	32.18	GPS	hembra	28.2	7.5	14.0	6.3	33.9	WSW	26.2	1014.4	0	1.2	0.6	30
-40.582677000000004	-65.001317	12.1.2021	2234	32.12	GPS	hembra	28.2	7.5	14.0	6.3	33.9	WSW	26.2	1014.4	0	1.2	0.6	30
-40.582701	-65.001299	12.1.2021	2239	32.05	GPS	hembra	28.2	7.5	14.0	6.3	33.9	WSW	26.2	1014.4	0	1.2	0.6	30
-40.582708000000004	-65.001326	12.1.2021	2244	31.97	GPS	hembra	28.2	7.5	14.0	6.3	33.9	WSW	26.2	1014.4	0	1.2	0.6	30
-40.582703	-65.001286	12.1.2021	2249	31.92	GPS	hembra	28.2	7.5	14.0	6.3	33.9	WSW	26.2	1014.4	0	1.2	0.6	30
-40.582679	-65.001326	12.1.2021	2254	31.99	GPS	hembra	28.2	7.5	14.0	6.3	33.9	WSW	26.2	1014.4	0	1.2	0.6	30
-40.582735	-65.001407	12.1.2021	2259	31.87	GPS	hembra	28.2	7.5	14.0	6.3	33.9	WSW	26.2	1014.4	0	1.2	0.6	30
-40.582723	-65.00145699999999	12.1.2021	2304	31.8	GPS	hembra	28.2	7.5	14.0	6.5	34.7	WSW	26.7	1014.4	0	1.0	0.3	30
-40.58271	-65.001286	12.1.2021	2309	31.72	GPS	hembra	28.2	7.5	14.0	6.5	34.7	WSW	26.7	1014.4	0	1.0	0.3	30
-40.582677000000004	-65.001428	12.1.2021	2314	31.69	GPS	hembra	28.2	7.5	14.0	6.5	34.7	WSW	26.7	1014.4	0	1.0	0.3	30
-40.582772	-65.00124	12.1.2021	2320	31.65	GPS	hembra	28.2	7.5	14.0	6.5	34.7	WSW	26.7	1014.4	0	1.0	0.3	30
-40.582735	-65.001327	12.1.2021	2325	31.61	GPS	hembra	28.2	7.5	14.0	6.5	34.7	WSW	26.7	1014.4	0	1.0	0.3	30
-40.582774	-65.001335	12.1.2021	2330	31.54	GPS	hembra	28.2	7.5	14.0	6.5	34.7	WSW	26.7	1014.4	0	1.0	0.3	30
-40.582642	-65.001367	12.1.2021	2335	31.5	GPS	hembra	28.2	7.5	14.0	6.5	34.7	WSW	26.7	1014.4	0	1.0	0.3	30
-40.582675	-65.001307	12.1.2021	2340	31.38	GPS	hembra	28.2	7.5	14.0	6.5	34.7	WSW	26.7	1014.4	0	1.0	0.3	30
-40.582665999999996	-65.001305	12.1.2021	2345	31.28	GPS	hembra	28.2	7.5	14.0	6.5	34.7	WSW	26.7	1014.4	0	1.0	0.3	30
-40.582716999999995	-65.00131800000001	12.1.2021	2350	31.19	GPS	hembra	28.2	7.5	14.0	6.5	34.7	WSW	26.7	1014.4	0	1.0	0.3	30
