lat	lon	date	time	tempIMU	metodologia	sexo	tempmax(C)	tempmin(C)	tempmed(C)	Temprocíomediadiaria(C)	Humedadrelativadiaria(%)	vientodir	viento(km/h)vel	Presionsobreniveldelmar(Hp)	Prec(mm)	NubesTotOct	NubbajOct	Vis(km)
-40.583573	-64.998357	10.1.2021	1406	41.08	GPS	hembra	35.0	16.1	25.6	-0.2	14.8	NW	29.9	1003.5	0	3.2	0.0	30
-40.583594	-64.998439	10.1.2021	1411	45.29	GPS	hembra	35.0	16.1	25.6	-0.2	14.8	NW	29.9	1003.5	0	3.2	0.0	30
-40.583492	-64.998531	10.1.2021	1416	46.26	GPS	hembra	35.0	16.1	25.6	-0.2	14.8	NW	29.9	1003.5	0	3.2	0.0	30
-40.583415	-64.998496	10.1.2021	1421	48.37	GPS	hembra	35.0	16.1	25.6	-0.2	14.8	NW	29.9	1003.5	0	3.2	0.0	30
-40.583337	-64.998604	10.1.2021	1426	47.95	GPS	hembra	35.0	16.1	25.6	-0.2	14.8	NW	29.9	1003.5	0	3.2	0.0	30
-40.583382	-64.998667	10.1.2021	1431	45.77	GPS	hembra	35.0	16.1	25.6	-0.2	14.8	NW	29.9	1003.5	0	3.2	0.0	30
-40.583371	-64.998751	10.1.2021	1437	38.65	GPS	hembra	35.0	16.1	25.6	-0.2	14.8	NW	29.9	1003.5	0	3.2	0.0	30
-40.583375	-64.99869100000001	10.1.2021	1442	36.76	GPS	hembra	35.0	16.1	25.6	-0.2	14.8	NW	29.9	1003.5	0	3.2	0.0	30
-40.583372	-64.998714	10.1.2021	1446	35.73	GPS	hembra	35.0	16.1	25.6	-0.2	14.8	NW	29.9	1003.5	0	3.2	0.0	30
-40.583377	-64.998728	10.1.2021	1451	35.05	GPS	hembra	35.0	16.1	25.6	-0.2	14.8	NW	29.9	1003.5	0	3.2	0.0	30
-40.583346	-64.998828	10.1.2021	1457	34.47	GPS	hembra	35.0	16.1	25.6	-0.2	14.8	NW	29.9	1003.5	0	3.2	0.0	30
-40.58335200000001	-64.998796	10.1.2021	1502	33.81	GPS	hembra	35.0	16.1	25.6	-0.2	14.9	NW	32.1	1003.5	0	3.5	0.0	30
-40.583349	-64.998817	10.1.2021	1507	33.27	GPS	hembra	35.0	16.1	25.6	-0.2	14.9	NW	32.1	1003.5	0	3.5	0.0	30
-40.583376	-64.998766	10.1.2021	1512	33.6	GPS	hembra	35.0	16.1	25.6	-0.2	14.9	NW	32.1	1003.5	0	3.5	0.0	30
-40.583403999999994	-64.99874399999999	10.1.2021	1517	33.37	GPS	hembra	35.0	16.1	25.6	-0.2	14.9	NW	32.1	1003.5	0	3.5	0.0	30
-40.583382	-64.998727	10.1.2021	1522	33.73	GPS	hembra	35.0	16.1	25.6	-0.2	14.9	NW	32.1	1003.5	0	3.5	0.0	30
-40.583363	-64.998671	10.1.2021	1527	34.51	GPS	hembra	35.0	16.1	25.6	-0.2	14.9	NW	32.1	1003.5	0	3.5	0.0	30
-40.58335200000001	-64.998805	10.1.2021	1532	35.22	GPS	hembra	35.0	16.1	25.6	-0.2	14.9	NW	32.1	1003.5	0	3.5	0.0	30
-40.583355	-64.998735	10.1.2021	1537	34.48	GPS	hembra	35.0	16.1	25.6	-0.2	14.9	NW	32.1	1003.5	0	3.5	0.0	30
-40.58336	-64.998745	10.1.2021	1542	34.29	GPS	hembra	35.0	16.1	25.6	-0.2	14.9	NW	32.1	1003.5	0	3.5	0.0	30
-40.58338	-64.99876400000001	10.1.2021	1547	33.52	GPS	hembra	35.0	16.1	25.6	-0.2	14.9	NW	32.1	1003.5	0	3.5	0.0	30
-40.583355	-64.998752	10.1.2021	1552	32.98	GPS	hembra	35.0	16.1	25.6	-0.2	14.9	NW	32.1	1003.5	0	3.5	0.0	30
-40.583366	-64.998724	10.1.2021	1557	32.78	GPS	hembra	35.0	16.1	25.6	-0.2	14.9	NW	32.1	1003.5	0	3.5	0.0	30
-40.583311	-64.99874200000001	10.1.2021	1602	32.82	GPS	hembra	35.0	16.1	25.6	-0.2	14.9	NW	32.8	1003.5	0	3.6	0.0	30
-40.583342	-64.998772	10.1.2021	1607	33.13	GPS	hembra	35.0	16.1	25.6	-0.2	14.9	NW	32.8	1003.5	0	3.6	0.0	30
-40.583381	-64.998787	10.1.2021	1612	33.23	GPS	hembra	35.0	16.1	25.6	-0.2	14.9	NW	32.8	1003.5	0	3.6	0.0	30
-40.583375	-64.998728	10.1.2021	1617	33.28	GPS	hembra	35.0	16.1	25.6	-0.2	14.9	NW	32.8	1003.5	0	3.6	0.0	30
-40.58341400000001	-64.998778	10.1.2021	1622	33.45	GPS	hembra	35.0	16.1	25.6	-0.2	14.9	NW	32.8	1003.5	0	3.6	0.0	30
-40.58341	-64.99878299999999	10.1.2021	1627	33.57	GPS	hembra	35.0	16.1	25.6	-0.2	14.9	NW	32.8	1003.5	0	3.6	0.0	30
-40.583327000000004	-64.9986	10.1.2021	1632	34.17	GPS	hembra	35.0	16.1	25.6	-0.2	14.9	NW	32.8	1003.5	0	3.6	0.0	30
-40.583324	-64.99870200000001	10.1.2021	1637	34.26	GPS	hembra	35.0	16.1	25.6	-0.2	14.9	NW	32.8	1003.5	0	3.6	0.0	30
-40.583374	-64.998745	10.1.2021	1642	34.03	GPS	hembra	35.0	16.1	25.6	-0.2	14.9	NW	32.8	1003.5	0	3.6	0.0	30
-40.583369	-64.998777	10.1.2021	1647	34.29	GPS	hembra	35.0	16.1	25.6	-0.2	14.9	NW	32.8	1003.5	0	3.6	0.0	30
-40.583459999999995	-64.998805	10.1.2021	1652	34.27	GPS	hembra	35.0	16.1	25.6	-0.2	14.9	NW	32.8	1003.5	0	3.6	0.0	30
-40.583288	-64.9986	10.1.2021	1657	34.38	GPS	hembra	35.0	16.1	25.6	-0.2	14.9	NW	32.8	1003.5	0	3.6	0.0	30
-40.583364	-64.998724	10.1.2021	1702	34.57	GPS	hembra	35.0	16.1	25.6	-0.5	14.9	NW	33.5	1003.5	0	3.7	0.1	30
-40.583343	-64.998704	10.1.2021	1707	34.36	GPS	hembra	35.0	16.1	25.6	-0.5	14.9	NW	33.5	1003.5	0	3.7	0.1	30
-40.583313000000004	-64.99861899999999	10.1.2021	1712	34.67	GPS	hembra	35.0	16.1	25.6	-0.5	14.9	NW	33.5	1003.5	0	3.7	0.1	30
-40.583439	-64.998813	10.1.2021	1717	34.59	GPS	hembra	35.0	16.1	25.6	-0.5	14.9	NW	33.5	1003.5	0	3.7	0.1	30
-40.58335	-64.99874100000001	10.1.2021	1722	34.57	GPS	hembra	35.0	16.1	25.6	-0.5	14.9	NW	33.5	1003.5	0	3.7	0.1	30
-40.583334	-64.998632	10.1.2021	1727	34.35	GPS	hembra	35.0	16.1	25.6	-0.5	14.9	NW	33.5	1003.5	0	3.7	0.1	30
-40.583427	-64.998591	10.1.2021	1732	34.46	GPS	hembra	35.0	16.1	25.6	-0.5	14.9	NW	33.5	1003.5	0	3.7	0.1	30
-40.583343	-64.998774	10.1.2021	1737	34.44	GPS	hembra	35.0	16.1	25.6	-0.5	14.9	NW	33.5	1003.5	0	3.7	0.1	30
-40.583361	-64.998728	10.1.2021	1742	34.57	GPS	hembra	35.0	16.1	25.6	-0.5	14.9	NW	33.5	1003.5	0	3.7	0.1	30
-40.583339	-64.998653	10.1.2021	1747	34.84	GPS	hembra	35.0	16.1	25.6	-0.5	14.9	NW	33.5	1003.5	0	3.7	0.1	30
-40.583317	-64.9986	10.1.2021	1752	35.02	GPS	hembra	35.0	16.1	25.6	-0.5	14.9	NW	33.5	1003.5	0	3.7	0.1	30
-40.583334	-64.998722	10.1.2021	1757	35.18	GPS	hembra	35.0	16.1	25.6	-0.5	14.9	NW	33.5	1003.5	0	3.7	0.1	30
-40.583391999999996	-64.998749	10.1.2021	1803	35.44	GPS	hembra	35.0	16.1	25.6	-0.8	14.6	NW	33.9	1003.5	0	3.8	0.2	30
-40.583368	-64.9988	10.1.2021	1807	35.42	GPS	hembra	35.0	16.1	25.6	-0.8	14.6	NW	33.9	1003.5	0	3.8	0.2	30
-40.583611	-64.998758	10.1.2021	1812	35.54	GPS	hembra	35.0	16.1	25.6	-0.8	14.6	NW	33.9	1003.5	0	3.8	0.2	30
-40.583376	-64.99873199999999	10.1.2021	1818	34.9	GPS	hembra	35.0	16.1	25.6	-0.8	14.6	NW	33.9	1003.5	0	3.8	0.2	30
-40.583354	-64.998746	10.1.2021	1822	35.23	GPS	hembra	35.0	16.1	25.6	-0.8	14.6	NW	33.9	1003.5	0	3.8	0.2	30
-40.58336	-64.998734	10.1.2021	1827	35.36	GPS	hembra	35.0	16.1	25.6	-0.8	14.6	NW	33.9	1003.5	0	3.8	0.2	30
-40.583363	-64.998735	10.1.2021	1832	37.14	GPS	hembra	35.0	16.1	25.6	-0.8	14.6	NW	33.9	1003.5	0	3.8	0.2	30
-40.583348	-64.9987	10.1.2021	1837	38.27	GPS	hembra	35.0	16.1	25.6	-0.8	14.6	NW	33.9	1003.5	0	3.8	0.2	30
-40.583345	-64.998949	10.1.2021	1842	42.35	GPS	hembra	35.0	16.1	25.6	-0.8	14.6	NW	33.9	1003.5	0	3.8	0.2	30
-40.583216	-64.99896700000001	10.1.2021	1847	48.27	GPS	hembra	35.0	16.1	25.6	-0.8	14.6	NW	33.9	1003.5	0	3.8	0.2	30
-40.583073999999996	-64.999003	10.1.2021	1902	40.11	GPS	hembra	35.0	16.1	25.6	-0.9	14.5	WNW	34.4	1003.5	0	3.8	0.4	30
-40.583090999999996	-64.999087	10.1.2021	1918	38.66	GPS	hembra	35.0	16.1	25.6	-0.9	14.5	WNW	34.4	1003.5	0	3.8	0.4	30
-40.582961	-64.998956	10.1.2021	2018	36.13	GPS	hembra	35.0	16.1	25.6	-0.9	14.6	WNW	35.4	1003.5	0	3.9	0.5	30
-40.583067	-64.999144	10.1.2021	2023	35.64	GPS	hembra	35.0	16.1	25.6	-0.9	14.6	WNW	35.4	1003.5	0	3.9	0.5	30
-40.583189000000004	-64.999122	10.1.2021	2028	35.14	GPS	hembra	35.0	16.1	25.6	-0.9	14.6	WNW	35.4	1003.5	0	3.9	0.5	30
-40.583113	-64.999243	10.1.2021	2033	36.53	GPS	hembra	35.0	16.1	25.6	-0.9	14.6	WNW	35.4	1003.5	0	3.9	0.5	30
-40.583037	-64.999286	10.1.2021	2038	38.85	GPS	hembra	35.0	16.1	25.6	-0.9	14.6	WNW	35.4	1003.5	0	3.9	0.5	30
-40.582988	-64.999202	10.1.2021	2043	37.08	GPS	hembra	35.0	16.1	25.6	-0.9	14.6	WNW	35.4	1003.5	0	3.9	0.5	30
-40.583103	-64.999381	10.1.2021	2048	36.27	GPS	hembra	35.0	16.1	25.6	-0.9	14.6	WNW	35.4	1003.5	0	3.9	0.5	30
-40.583248	-64.999725	10.1.2021	2053	36.86	GPS	hembra	35.0	16.1	25.6	-0.9	14.6	WNW	35.4	1003.5	0	3.9	0.5	30
-40.583049	-64.999299	10.1.2021	2103	38.75	GPS	hembra	35.0	16.1	25.6	-0.8	14.8	WNW	36.2	1003.5	0	4.0	0.7	30
-40.583085	-64.99929399999999	10.1.2021	2108	39.38	GPS	hembra	35.0	16.1	25.6	-0.8	14.8	WNW	36.2	1003.5	0	4.0	0.7	30
-40.58303400000001	-64.999308	10.1.2021	2113	36.81	GPS	hembra	35.0	16.1	25.6	-0.8	14.8	WNW	36.2	1003.5	0	4.0	0.7	30
-40.58296	-64.999326	10.1.2021	2118	39.23	GPS	hembra	35.0	16.1	25.6	-0.8	14.8	WNW	36.2	1003.5	0	4.0	0.7	30
-40.582944	-64.99926500000001	10.1.2021	2123	38.19	GPS	hembra	35.0	16.1	25.6	-0.8	14.8	WNW	36.2	1003.5	0	4.0	0.7	30
-40.583028999999996	-64.999385	10.1.2021	2128	38.25	GPS	hembra	35.0	16.1	25.6	-0.8	14.8	WNW	36.2	1003.5	0	4.0	0.7	30
-40.582984	-64.999454	10.1.2021	2133	38.64	GPS	hembra	35.0	16.1	25.6	-0.8	14.8	WNW	36.2	1003.5	0	4.0	0.7	30
-40.582985	-64.999462	10.1.2021	2138	39.46	GPS	hembra	35.0	16.1	25.6	-0.8	14.8	WNW	36.2	1003.5	0	4.0	0.7	30
-40.582954	-64.999421	10.1.2021	2143	38.98	GPS	hembra	35.0	16.1	25.6	-0.8	14.8	WNW	36.2	1003.5	0	4.0	0.7	30
-40.582888	-64.999412	10.1.2021	2148	37.12	GPS	hembra	35.0	16.1	25.6	-0.8	14.8	WNW	36.2	1003.5	0	4.0	0.7	30
-40.582915	-64.999408	10.1.2021	2153	37.09	GPS	hembra	35.0	16.1	25.6	-0.8	14.8	WNW	36.2	1003.5	0	4.0	0.7	30
-40.582836	-64.999422	10.1.2021	2158	37.98	GPS	hembra	35.0	16.1	25.6	-0.8	14.8	WNW	36.2	1003.5	0	4.0	0.7	30
-40.582904	-64.999563	10.1.2021	2203	37.26	GPS	hembra	33.3	16.1	23.5	-0.5	15.3	WNW	36.8	1003.5	0	4.0	0.8	30
-40.582857000000004	-64.999773	10.1.2021	2208	36.77	GPS	hembra	33.3	16.1	23.5	-0.5	15.3	WNW	36.8	1003.5	0	4.0	0.8	30
-40.582915	-64.999909	10.1.2021	2213	35.74	GPS	hembra	33.3	16.1	23.5	-0.5	15.3	WNW	36.8	1003.5	0	4.0	0.8	30
-40.582899	-65.000153	10.1.2021	2218	35.18	GPS	hembra	33.3	16.1	23.5	-0.5	15.3	WNW	36.8	1003.5	0	4.0	0.8	30
-40.582962	-65.000218	10.1.2021	2223	34.61	GPS	hembra	33.3	16.1	23.5	-0.5	15.3	WNW	36.8	1003.5	0	4.0	0.8	30
-40.582774	-65.000602	10.1.2021	2228	33.88	GPS	hembra	33.3	16.1	23.5	-0.5	15.3	WNW	36.8	1003.5	0	4.0	0.8	30
-40.58278	-65.000411	10.1.2021	2234	34.08	GPS	hembra	33.3	16.1	23.5	-0.5	15.3	WNW	36.8	1003.5	0	4.0	0.8	30
-40.582751	-65.00039100000001	10.1.2021	2238	33.6	GPS	hembra	33.3	16.1	23.5	-0.5	15.3	WNW	36.8	1003.5	0	4.0	0.8	30
-40.582656	-65.000575	10.1.2021	2243	32.81	GPS	hembra	33.3	16.1	23.5	-0.5	15.3	WNW	36.8	1003.5	0	4.0	0.8	30
-40.582671999999995	-65.00056500000001	10.1.2021	2248	32.94	GPS	hembra	33.3	16.1	23.5	-0.5	15.3	WNW	36.8	1003.5	0	4.0	0.8	30
-40.582662	-65.000552	10.1.2021	2253	32.93	GPS	hembra	33.3	16.1	23.5	-0.5	15.3	WNW	36.8	1003.5	0	4.0	0.8	30
-40.58267100000001	-65.000592	10.1.2021	2258	32.73	GPS	hembra	33.3	16.1	23.5	-0.5	15.3	WNW	36.8	1003.5	0	4.0	0.8	30
-40.58263	-65.000556	10.1.2021	2303	32.4	GPS	hembra	32.3	16.1	23.5	0.1	16.1	WNW	37.5	1003.5	0	4.0	1.0	30
-40.582662	-65.00061099999999	10.1.2021	2308	32.03	GPS	hembra	32.3	16.1	23.5	0.1	16.1	WNW	37.5	1003.5	0	4.0	1.0	30
-40.582563	-65.000571	10.1.2021	2313	31.82	GPS	hembra	32.3	16.1	23.5	0.1	16.1	WNW	37.5	1003.5	0	4.0	1.0	30
-40.582615999999994	-65.000576	10.1.2021	2318	31.58	GPS	hembra	32.3	16.1	23.5	0.1	16.1	WNW	37.5	1003.5	0	4.0	1.0	30
-40.582642	-65.000575	10.1.2021	2323	31.35	GPS	hembra	32.3	16.1	23.5	0.1	16.1	WNW	37.5	1003.5	0	4.0	1.0	30
-40.582574	-65.00049	10.1.2021	2328	31.13	GPS	hembra	32.3	16.1	23.5	0.1	16.1	WNW	37.5	1003.5	0	4.0	1.0	30
-40.582642	-65.000501	10.1.2021	2334	30.88	GPS	hembra	32.3	16.1	23.5	0.1	16.1	WNW	37.5	1003.5	0	4.0	1.0	30
-40.582633	-65.00057	10.1.2021	2339	30.64	GPS	hembra	32.3	16.1	23.5	0.1	16.1	WNW	37.5	1003.5	0	4.0	1.0	30
-40.582689	-65.000571	10.1.2021	2344	30.46	GPS	hembra	32.3	16.1	23.5	0.1	16.1	WNW	37.5	1003.5	0	4.0	1.0	30
-40.58267	-65.000614	10.1.2021	2349	30.27	GPS	hembra	32.3	16.1	23.5	0.1	16.1	WNW	37.5	1003.5	0	4.0	1.0	30
-40.58260300000001	-65.000562	10.1.2021	2354	30.15	GPS	hembra	32.3	16.1	23.5	0.1	16.1	WNW	37.5	1003.5	0	4.0	1.0	30
-40.582673	-65.000586	10.1.2021	2359	30.11	GPS	hembra	32.3	16.1	23.5	0.1	16.1	WNW	37.5	1003.5	0	4.0	1.0	30
