lat	lon	date	time	tempIMU	metodologia	sexo	tempmax(C)	tempmin(C)	tempmed(C)	Temprocíomediadiaria(C)	Humedadrelativadiaria(%)	vientodir	viento(km/h)vel	Presionsobreniveldelmar(Hp)	Prec(mm)	NubesTotOct	NubbajOct	Vis(km)
-40.584251	-64.996553	11.1.2021	1130	23.5	GPS	hembra	33.0	20.5	26.8	0.6	17.4	WNW	37.5	1005.2	*	3.9	1.1	30.0
-40.5843	-64.996595	11.1.2021	1140	22.65	GPS	hembra	33.0	20.5	26.8	0.6	17.4	WNW	37.5	1005.2	*	3.9	1.1	30.0
-40.584201	-64.996342	11.1.2021	1150	22.65	GPS	hembra	33.0	20.5	26.8	0.6	17.4	WNW	37.5	1005.2	*	3.9	1.1	30.0
-40.584167	-64.99625	11.1.2021	1200	22.49	GPS	hembra	33.0	14.0	23.5	0.8	18.5	WNW	37.5	1007.3	0	3.8	1.5	30.0
-40.584199	-64.996403	11.1.2021	1209	22.82	GPS	hembra	33.0	14.0	23.5	0.8	18.5	WNW	37.5	1007.3	0	3.8	1.5	30.0
-40.58416500000001	-64.996348	11.1.2021	1219	22.69	GPS	hembra	33.0	14.0	23.5	0.8	18.5	WNW	37.5	1007.3	0	3.8	1.5	30.0
-40.584132	-64.996206	11.1.2021	1229	22.64	GPS	hembra	33.0	14.0	23.5	0.8	18.5	WNW	37.5	1007.3	0	3.8	1.5	30.0
-40.584541	-64.996358	11.1.2021	1239	22.67	GPS	hembra	33.0	14.0	23.5	0.8	18.5	WNW	37.5	1007.3	0	3.8	1.5	30.0
-40.584208	-64.99634499999999	11.1.2021	1249	23.66	GPS	hembra	33.0	14.0	23.5	0.8	18.5	WNW	37.5	1007.3	0	3.8	1.5	30.0
-40.584218	-64.996338	11.1.2021	1259	24.88	GPS	hembra	33.0	14.0	23.5	0.8	18.5	WNW	37.5	1007.3	0	3.8	1.5	30.0
-40.584218	-64.99633100000001	11.1.2021	1309	25.63	GPS	hembra	33.0	14.0	23.5	0.8	19.1	WNW	38.5	1008.7	0	3.8	1.8	30.0
-40.584214	-64.996342	11.1.2021	1319	26.03	GPS	hembra	33.0	14.0	23.5	0.8	19.1	WNW	38.5	1008.7	0	3.8	1.8	30.0
-40.584225	-64.996341	11.1.2021	1328	26.71	GPS	hembra	33.0	14.0	23.5	0.8	19.1	WNW	38.5	1008.7	0	3.8	1.8	30.0
-40.584221	-64.99633399999999	11.1.2021	1338	26.83	GPS	hembra	33.0	14.0	23.5	0.8	19.1	WNW	38.5	1008.7	0	3.8	1.8	30.0
-40.584229	-64.996337	11.1.2021	1348	27.73	GPS	hembra	33.0	14.0	23.5	0.8	19.1	WNW	38.5	1008.7	0	3.8	1.8	30.0
-40.584225	-64.996341	11.1.2021	1358	28.32	GPS	hembra	33.0	14.0	23.5	0.8	19.1	WNW	38.5	1008.7	0	3.8	1.8	30.0
-40.584222	-64.996348	11.1.2021	1408	28.36	GPS	hembra	33.0	14.0	23.5	0.4	19.1	WNW	36.9	1009.5	0	3.8	2.2	30.0
-40.584216	-64.99635500000001	11.1.2021	1418	37.98	GPS	hembra	33.0	14.0	23.5	0.4	19.1	WNW	36.9	1009.5	0	3.8	2.2	30.0
-40.584181	-64.996324	11.1.2021	1428	53.2	GPS	hembra	33.0	14.0	23.5	0.4	19.1	WNW	36.9	1009.5	0	3.8	2.2	30.0
-40.584215	-64.99634499999999	11.1.2021	1438	56.91	GPS	hembra	33.0	14.0	23.5	0.4	19.1	WNW	36.9	1009.5	0	3.8	2.2	30.0
-40.584238	-64.996337	11.1.2021	1448	48.66	GPS	hembra	33.0	14.0	23.5	0.4	19.1	WNW	36.9	1009.5	0	3.8	2.2	30.0
-40.584219	-64.996251	11.1.2021	1457	49.54	GPS	hembra	33.0	14.0	23.5	0.4	19.1	WNW	36.9	1009.5	0	3.8	2.2	30.0
-40.584247	-64.996156	11.1.2021	1507	41.3	GPS	hembra	33.0	14.0	23.5	0.6	19.6	WNW	36.8	1009.5	0	3.8	2.3	30.0
-40.584141	-64.996222	11.1.2021	1517	46.21	GPS	hembra	33.0	14.0	23.5	0.6	19.6	WNW	36.8	1009.5	0	3.8	2.3	30.0
-40.58424	-64.996011	11.1.2021	1527	45.62	GPS	hembra	33.0	14.0	23.5	0.6	19.6	WNW	36.8	1009.5	0	3.8	2.3	30.0
-40.584206	-64.995774	11.1.2021	1537	50.21	GPS	hembra	33.0	14.0	23.5	0.6	19.6	WNW	36.8	1009.5	0	3.8	2.3	30.0
-40.584145	-64.99556199999999	11.1.2021	1547	45.88	GPS	hembra	33.0	14.0	23.5	0.6	19.6	WNW	36.8	1009.5	0	3.8	2.3	30.0
-40.584151	-64.995329	11.1.2021	1557	44.69	GPS	hembra	33.0	14.0	23.5	0.6	19.6	WNW	36.8	1009.5	0	3.8	2.3	30.0
-40.584101	-64.995308	11.1.2021	1607	38.59	GPS	hembra	33.0	14.0	23.5	0.4	20.0	W	35.8	1010.0	0	3.8	2.7	30.0
-40.584133	-64.995315	11.1.2021	1617	37.58	GPS	hembra	33.0	14.0	23.5	0.4	20.0	W	35.8	1010.0	0	3.8	2.7	30.0
-40.5843	-64.995302	11.1.2021	1627	33.46	GPS	hembra	33.0	14.0	23.5	0.4	20.0	W	35.8	1010.0	0	3.8	2.7	30.0
-40.584249	-64.995339	11.1.2021	1636	33.11	GPS	hembra	33.0	14.0	23.5	0.4	20.0	W	35.8	1010.0	0	3.8	2.7	30.0
-40.584176	-64.995285	11.1.2021	1646	40.24	GPS	hembra	33.0	14.0	23.5	0.4	20.0	W	35.8	1010.0	0	3.8	2.7	30.0
-40.584085	-64.99525799999999	11.1.2021	1656	43.32	GPS	hembra	33.0	14.0	23.5	0.4	20.0	W	35.8	1010.0	0	3.8	2.7	30.0
-40.584075	-64.99522900000001	11.1.2021	1706	39.99	GPS	hembra	33.0	14.0	23.5	0.1	20.3	W	33.4	1010.4	0	4.1	3.0	30.0
-40.584075	-64.995222	11.1.2021	1716	45.7	GPS	hembra	33.0	14.0	23.5	0.1	20.3	W	33.4	1010.4	0	4.1	3.0	30.0
-40.584105	-64.995275	11.1.2021	1726	50.57	GPS	hembra	33.0	14.0	23.5	0.1	20.3	W	33.4	1010.4	0	4.1	3.0	30.0
-40.584071	-64.99525799999999	11.1.2021	1736	42.86	GPS	hembra	33.0	14.0	23.5	0.1	20.3	W	33.4	1010.4	0	4.1	3.0	30.0
-40.584084	-64.995249	11.1.2021	1746	37.47	GPS	hembra	33.0	14.0	23.5	0.1	20.3	W	33.4	1010.4	0	4.1	3.0	30.0
-40.584043	-64.995254	11.1.2021	1756	50.87	GPS	hembra	33.0	14.0	23.5	0.1	20.3	W	33.4	1010.4	0	4.1	3.0	30.0
