lat	lon	date	time	tempIMU	metodologia	sexo	tempmax(C)	tempmin(C)	tempmed(C)	Temprocíomediadiaria(C)	Humedadrelativadiaria(%)	vientodir	viento(km/h)vel	Presionsobreniveldelmar(Hp)	Prec(mm)	NubesTotOct	NubbajOct	Vis(km)
-40.582906	-64.992172	13.1.2021	1104	25.26	GPS	hembra	29.0	18.5	23.8	6.9	36.3	WSW	26.8	1014.5	*	0.8	0.0	30.0
-40.582871	-64.992144	13.1.2021	1109	24.14	GPS	hembra	29.0	18.5	23.8	6.9	36.3	WSW	26.8	1014.5	*	0.8	0.0	30.0
-40.582852	-64.992272	13.1.2021	1114	23.71	GPS	hembra	29.0	18.5	23.8	6.9	36.3	WSW	26.8	1014.5	*	0.8	0.0	30.0
-40.582974	-64.992464	13.1.2021	1119	26.2	GPS	hembra	29.0	18.5	23.8	6.9	36.3	WSW	26.8	1014.5	*	0.8	0.0	30.0
-40.582794	-64.992264	13.1.2021	1124	28.49	GPS	hembra	29.0	18.5	23.8	6.9	36.3	WSW	26.8	1014.5	*	0.8	0.0	30.0
-40.582864	-64.992204	13.1.2021	1129	30.46	GPS	hembra	29.0	18.5	23.8	6.9	36.3	WSW	26.8	1014.5	*	0.8	0.0	30.0
-40.582876	-64.992292	13.1.2021	1134	32.03	GPS	hembra	29.0	18.5	23.8	6.9	36.3	WSW	26.8	1014.5	*	0.8	0.0	30.0
-40.582855	-64.992174	13.1.2021	1139	33.48	GPS	hembra	29.0	18.5	23.8	6.9	36.3	WSW	26.8	1014.5	*	0.8	0.0	30.0
-40.582848	-64.99215699999999	13.1.2021	1145	35.07	GPS	hembra	29.0	18.5	23.8	6.9	36.3	WSW	26.8	1014.5	*	0.8	0.0	30.0
-40.582884	-64.992194	13.1.2021	1149	36.4	GPS	hembra	29.0	18.5	23.8	6.9	36.3	WSW	26.8	1014.5	*	0.8	0.0	30.0
-40.582795	-64.99218499999999	13.1.2021	1154	37.0	GPS	hembra	29.0	18.5	23.8	6.9	36.3	WSW	26.8	1014.5	*	0.8	0.0	30.0
-40.582757	-64.992198	13.1.2021	1159	38.0	GPS	hembra	29.0	18.5	23.8	6.9	36.3	WSW	26.8	1014.5	*	0.8	0.0	30.0
-40.582853	-64.99215799999999	13.1.2021	1204	39.35	GPS	hembra	29.0	12.3	20.6	7.4	37.0	W	27.9	1014.8	0	1.1	0.2	30.0
-40.582904	-64.992103	13.1.2021	1209	40.52	GPS	hembra	29.0	12.3	20.6	7.4	37.0	W	27.9	1014.8	0	1.1	0.2	30.0
-40.582775	-64.992209	13.1.2021	1215	41.27	GPS	hembra	29.0	12.3	20.6	7.4	37.0	W	27.9	1014.8	0	1.1	0.2	30.0
-40.582796	-64.992177	13.1.2021	1220	42.05	GPS	hembra	29.0	12.3	20.6	7.4	37.0	W	27.9	1014.8	0	1.1	0.2	30.0
-40.582814	-64.992162	13.1.2021	1225	42.57	GPS	hembra	29.0	12.3	20.6	7.4	37.0	W	27.9	1014.8	0	1.1	0.2	30.0
-40.58283400000001	-64.992216	13.1.2021	1230	43.6	GPS	hembra	29.0	12.3	20.6	7.4	37.0	W	27.9	1014.8	0	1.1	0.2	30.0
-40.58280300000001	-64.992209	13.1.2021	1235	44.09	GPS	hembra	29.0	12.3	20.6	7.4	37.0	W	27.9	1014.8	0	1.1	0.2	30.0
-40.582816	-64.992191	13.1.2021	1240	42.85	GPS	hembra	29.0	12.3	20.6	7.4	37.0	W	27.9	1014.8	0	1.1	0.2	30.0
-40.58287	-64.992148	13.1.2021	1245	41.9	GPS	hembra	29.0	12.3	20.6	7.4	37.0	W	27.9	1014.8	0	1.1	0.2	30.0
-40.582804	-64.992174	13.1.2021	1250	41.72	GPS	hembra	29.0	12.3	20.6	7.4	37.0	W	27.9	1014.8	0	1.1	0.2	30.0
-40.582827	-64.992121	13.1.2021	1255	40.51	GPS	hembra	29.0	12.3	20.6	7.4	37.0	W	27.9	1014.8	0	1.1	0.2	30.0
-40.582867	-64.99215600000001	13.1.2021	1300	34.83	GPS	hembra	29.0	12.3	20.6	8.7	39.3	WNW	28.4	1014.6	0	1.3	0.3	30.0
-40.582894	-64.992149	13.1.2021	1305	32.73	GPS	hembra	29.0	12.3	20.6	8.7	39.3	WNW	28.4	1014.6	0	1.3	0.3	30.0
-40.582816	-64.992205	13.1.2021	1310	31.6	GPS	hembra	29.0	12.3	20.6	8.7	39.3	WNW	28.4	1014.6	0	1.3	0.3	30.0
-40.582846	-64.992077	13.1.2021	1315	31.3	GPS	hembra	29.0	12.3	20.6	8.7	39.3	WNW	28.4	1014.6	0	1.3	0.3	30.0
-40.5829	-64.992012	13.1.2021	1320	31.04	GPS	hembra	29.0	12.3	20.6	8.7	39.3	WNW	28.4	1014.6	0	1.3	0.3	30.0
-40.582909	-64.992088	13.1.2021	1325	30.94	GPS	hembra	29.0	12.3	20.6	8.7	39.3	WNW	28.4	1014.6	0	1.3	0.3	30.0
-40.58283	-64.992212	13.1.2021	1330	30.84	GPS	hembra	29.0	12.3	20.6	8.7	39.3	WNW	28.4	1014.6	0	1.3	0.3	30.0
-40.582858	-64.992165	13.1.2021	1338	31.9	GPS	hembra	29.0	12.3	20.6	8.7	39.3	WNW	28.4	1014.6	0	1.3	0.3	30.0
-40.582822	-64.992207	13.1.2021	1340	32.48	GPS	hembra	29.0	12.3	20.6	8.7	39.3	WNW	28.4	1014.6	0	1.3	0.3	30.0
-40.582816	-64.992182	13.1.2021	1346	31.52	GPS	hembra	29.0	12.3	20.6	8.7	39.3	WNW	28.4	1014.6	0	1.3	0.3	30.0
-40.582781	-64.992148	13.1.2021	1351	31.18	GPS	hembra	29.0	12.3	20.6	8.7	39.3	WNW	28.4	1014.6	0	1.3	0.3	30.0
-40.582871	-64.992204	13.1.2021	1356	31.07	GPS	hembra	29.0	12.3	20.6	8.7	39.3	WNW	28.4	1014.6	0	1.3	0.3	30.0
-40.582847	-64.99215799999999	13.1.2021	1401	31.03	GPS	hembra	29.0	12.3	20.6	9.2	39.9	WNW	27.9	1014.6	0	1.5	0.4	30.0
-40.582849	-64.99215500000001	13.1.2021	1406	31.04	GPS	hembra	29.0	12.3	20.6	9.2	39.9	WNW	27.9	1014.6	0	1.5	0.4	30.0
-40.582828000000006	-64.992149	13.1.2021	1411	31.08	GPS	hembra	29.0	12.3	20.6	9.2	39.9	WNW	27.9	1014.6	0	1.5	0.4	30.0
-40.582904	-64.992181	13.1.2021	1416	31.13	GPS	hembra	29.0	12.3	20.6	9.2	39.9	WNW	27.9	1014.6	0	1.5	0.4	30.0
-40.582894	-64.992209	13.1.2021	1421	31.21	GPS	hembra	29.0	12.3	20.6	9.2	39.9	WNW	27.9	1014.6	0	1.5	0.4	30.0
-40.58280900000001	-64.992191	13.1.2021	1426	31.31	GPS	hembra	29.0	12.3	20.6	9.2	39.9	WNW	27.9	1014.6	0	1.5	0.4	30.0
-40.582857	-64.992187	13.1.2021	1431	31.41	GPS	hembra	29.0	12.3	20.6	9.2	39.9	WNW	27.9	1014.6	0	1.5	0.4	30.0
-40.582853	-64.992186	13.1.2021	1436	31.49	GPS	hembra	29.0	12.3	20.6	9.2	39.9	WNW	27.9	1014.6	0	1.5	0.4	30.0
-40.58293	-64.992129	13.1.2021	1441	31.6	GPS	hembra	29.0	12.3	20.6	9.2	39.9	WNW	27.9	1014.6	0	1.5	0.4	30.0
-40.582858	-64.992173	13.1.2021	1446	31.69	GPS	hembra	29.0	12.3	20.6	9.2	39.9	WNW	27.9	1014.6	0	1.5	0.4	30.0
-40.582912	-64.992176	13.1.2021	1451	31.79	GPS	hembra	29.0	12.3	20.6	9.2	39.9	WNW	27.9	1014.6	0	1.5	0.4	30.0
-40.582876	-64.992126	13.1.2021	1456	31.92	GPS	hembra	29.0	12.3	20.6	9.2	39.9	WNW	27.9	1014.6	0	1.5	0.4	30.0
-40.582878	-64.99220600000001	13.1.2021	1501	32.02	GPS	hembra	29.0	12.3	20.6	9.3	39.7	W	27.2	1014.5	0	1.5	0.5	30.0
-40.582808	-64.992091	13.1.2021	1506	32.13	GPS	hembra	29.0	12.3	20.6	9.3	39.7	W	27.2	1014.5	0	1.5	0.5	30.0
-40.582816	-64.99216	13.1.2021	1512	32.21	GPS	hembra	29.0	12.3	20.6	9.3	39.7	W	27.2	1014.5	0	1.5	0.5	30.0
-40.58287	-64.992148	13.1.2021	1517	32.34	GPS	hembra	29.0	12.3	20.6	9.3	39.7	W	27.2	1014.5	0	1.5	0.5	30.0
-40.582929	-64.99216700000001	13.1.2021	1522	32.56	GPS	hembra	29.0	12.3	20.6	9.3	39.7	W	27.2	1014.5	0	1.5	0.5	30.0
-40.58287	-64.992177	13.1.2021	1527	32.7	GPS	hembra	29.0	12.3	20.6	9.3	39.7	W	27.2	1014.5	0	1.5	0.5	30.0
-40.582858	-64.99216899999999	13.1.2021	1532	32.88	GPS	hembra	29.0	12.3	20.6	9.3	39.7	W	27.2	1014.5	0	1.5	0.5	30.0
-40.582861	-64.992187	13.1.2021	1537	33.2	GPS	hembra	29.0	12.3	20.6	9.3	39.7	W	27.2	1014.5	0	1.5	0.5	30.0
-40.582859	-64.992182	13.1.2021	1542	33.38	GPS	hembra	29.0	12.3	20.6	9.3	39.7	W	27.2	1014.5	0	1.5	0.5	30.0
-40.58285	-64.992176	13.1.2021	1547	33.46	GPS	hembra	29.0	12.3	20.6	9.3	39.7	W	27.2	1014.5	0	1.5	0.5	30.0
-40.582853	-64.992172	13.1.2021	1552	33.5	GPS	hembra	29.0	12.3	20.6	9.3	39.7	W	27.2	1014.5	0	1.5	0.5	30.0
-40.582836	-64.992168	13.1.2021	1557	33.61	GPS	hembra	29.0	12.3	20.6	9.3	39.7	W	27.2	1014.5	0	1.5	0.5	30.0
-40.58286	-64.99216899999999	13.1.2021	1603	33.66	GPS	hembra	29.0	12.3	20.6	9.6	39.9	SSE	25.5	1014.5	0	1.5	0.6	30.0
-40.582868	-64.992168	13.1.2021	1607	33.84	GPS	hembra	29.0	12.3	20.6	9.6	39.9	SSE	25.5	1014.5	0	1.5	0.6	30.0
-40.582924	-64.9922	13.1.2021	1612	33.84	GPS	hembra	29.0	12.3	20.6	9.6	39.9	SSE	25.5	1014.5	0	1.5	0.6	30.0
-40.582882	-64.992164	13.1.2021	1618	33.93	GPS	hembra	29.0	12.3	20.6	9.6	39.9	SSE	25.5	1014.5	0	1.5	0.6	30.0
-40.582888	-64.992188	13.1.2021	1623	34.2	GPS	hembra	29.0	12.3	20.6	9.6	39.9	SSE	25.5	1014.5	0	1.5	0.6	30.0
-40.582881	-64.992171	13.1.2021	1628	34.38	GPS	hembra	29.0	12.3	20.6	9.6	39.9	SSE	25.5	1014.5	0	1.5	0.6	30.0
-40.582871	-64.992183	13.1.2021	1633	34.44	GPS	hembra	29.0	12.3	20.6	9.6	39.9	SSE	25.5	1014.5	0	1.5	0.6	30.0
-40.582867	-64.992203	13.1.2021	1643	34.37	GPS	hembra	29.0	12.3	20.6	9.6	39.9	SSE	25.5	1014.5	0	1.5	0.6	30.0
-40.582877	-64.992199	13.1.2021	1648	34.51	GPS	hembra	29.0	12.3	20.6	9.6	39.9	SSE	25.5	1014.5	0	1.5	0.6	30.0
-40.582781	-64.992053	13.1.2021	1653	34.57	GPS	hembra	29.0	12.3	20.6	9.6	39.9	SSE	25.5	1014.5	0	1.5	0.6	30.0
-40.582747	-64.991956	13.1.2021	1658	34.67	GPS	hembra	29.0	12.3	20.6	9.6	39.9	SSE	25.5	1014.5	0	1.5	0.6	30.0
-40.582866	-64.99214	13.1.2021	1703	34.94	GPS	hembra	29.0	12.3	20.6	10.1	41.4	ESE	24.2	1014.6	0	1.4	0.8	30.0
-40.582828000000006	-64.992114	13.1.2021	1708	34.19	GPS	hembra	29.0	12.3	20.6	10.1	41.4	ESE	24.2	1014.6	0	1.4	0.8	30.0
-40.582777	-64.992076	13.1.2021	1713	33.66	GPS	hembra	29.0	12.3	20.6	10.1	41.4	ESE	24.2	1014.6	0	1.4	0.8	30.0
-40.58283	-64.9921	13.1.2021	1718	33.42	GPS	hembra	29.0	12.3	20.6	10.1	41.4	ESE	24.2	1014.6	0	1.4	0.8	30.0
-40.582831	-64.992089	13.1.2021	1723	33.99	GPS	hembra	29.0	12.3	20.6	10.1	41.4	ESE	24.2	1014.6	0	1.4	0.8	30.0
-40.582696	-64.991974	13.1.2021	1728	33.57	GPS	hembra	29.0	12.3	20.6	10.1	41.4	ESE	24.2	1014.6	0	1.4	0.8	30.0
-40.582745	-64.991896	13.1.2021	1733	33.39	GPS	hembra	29.0	12.3	20.6	10.1	41.4	ESE	24.2	1014.6	0	1.4	0.8	30.0
-40.582855	-64.992088	13.1.2021	1738	33.31	GPS	hembra	29.0	12.3	20.6	10.1	41.4	ESE	24.2	1014.6	0	1.4	0.8	30.0
-40.582794	-64.992114	13.1.2021	1743	33.36	GPS	hembra	29.0	12.3	20.6	10.1	41.4	ESE	24.2	1014.6	0	1.4	0.8	30.0
-40.58276	-64.992021	13.1.2021	1748	33.38	GPS	hembra	29.0	12.3	20.6	10.1	41.4	ESE	24.2	1014.6	0	1.4	0.8	30.0
-40.582916	-64.992175	13.1.2021	1753	33.42	GPS	hembra	29.0	12.3	20.6	10.1	41.4	ESE	24.2	1014.6	0	1.4	0.8	30.0
-40.582882	-64.992195	13.1.2021	1759	33.46	GPS	hembra	29.0	12.3	20.6	10.1	41.4	ESE	24.2	1014.6	0	1.4	0.8	30.0
-40.58286	-64.992183	13.1.2021	1804	33.5	GPS	hembra	29.0	12.3	20.6	10.7	43.0	SE	22.4	1014.7	0	1.5	1.1	30.0
-40.582854	-64.99217	13.1.2021	1809	33.58	GPS	hembra	29.0	12.3	20.6	10.7	43.0	SE	22.4	1014.7	0	1.5	1.1	30.0
-40.58298900000001	-64.99214599999999	13.1.2021	1814	33.89	GPS	hembra	29.0	12.3	20.6	10.7	43.0	SE	22.4	1014.7	0	1.5	1.1	30.0
-40.582879	-64.992134	13.1.2021	1819	33.81	GPS	hembra	29.0	12.3	20.6	10.7	43.0	SE	22.4	1014.7	0	1.5	1.1	30.0
-40.582871	-64.992183	13.1.2021	1824	33.84	GPS	hembra	29.0	12.3	20.6	10.7	43.0	SE	22.4	1014.7	0	1.5	1.1	30.0
-40.582901	-64.992198	13.1.2021	1829	33.89	GPS	hembra	29.0	12.3	20.6	10.7	43.0	SE	22.4	1014.7	0	1.5	1.1	30.0
-40.582822	-64.992139	13.1.2021	1834	33.96	GPS	hembra	29.0	12.3	20.6	10.7	43.0	SE	22.4	1014.7	0	1.5	1.1	30.0
-40.582881	-64.992192	13.1.2021	1839	33.99	GPS	hembra	29.0	12.3	20.6	10.7	43.0	SE	22.4	1014.7	0	1.5	1.1	30.0
-40.582854	-64.992118	13.1.2021	1844	34.06	GPS	hembra	29.0	12.3	20.6	10.7	43.0	SE	22.4	1014.7	0	1.5	1.1	30.0
-40.582858	-64.992161	13.1.2021	1849	34.1	GPS	hembra	29.0	12.3	20.6	10.7	43.0	SE	22.4	1014.7	0	1.5	1.1	30.0
-40.582911	-64.992203	13.1.2021	1854	34.13	GPS	hembra	29.0	12.3	20.6	10.7	43.0	SE	22.4	1014.7	0	1.5	1.1	30.0
-40.582832	-64.992235	13.1.2021	1859	34.18	GPS	hembra	29.0	12.3	20.6	10.7	43.0	SE	22.4	1014.7	0	1.5	1.1	30.0
-40.582833	-64.992214	13.1.2021	1904	34.23	GPS	hembra	29.0	12.3	20.6	11.2	44.9	SE	21.1	1014.9	0	1.5	1.4	30.0
-40.582859	-64.992202	13.1.2021	1909	34.27	GPS	hembra	29.0	12.3	20.6	11.2	44.9	SE	21.1	1014.9	0	1.5	1.4	30.0
-40.582916	-64.992194	13.1.2021	1914	34.32	GPS	hembra	29.0	12.3	20.6	11.2	44.9	SE	21.1	1014.9	0	1.5	1.4	30.0
-40.582894	-64.99219000000001	13.1.2021	1919	34.35	GPS	hembra	29.0	12.3	20.6	11.2	44.9	SE	21.1	1014.9	0	1.5	1.4	30.0
-40.582891	-64.992122	13.1.2021	1924	34.39	GPS	hembra	29.0	12.3	20.6	11.2	44.9	SE	21.1	1014.9	0	1.5	1.4	30.0
-40.582873	-64.992188	13.1.2021	1930	34.44	GPS	hembra	29.0	12.3	20.6	11.2	44.9	SE	21.1	1014.9	0	1.5	1.4	30.0
-40.582869	-64.992171	13.1.2021	1935	34.6	GPS	hembra	29.0	12.3	20.6	11.2	44.9	SE	21.1	1014.9	0	1.5	1.4	30.0
-40.582862	-64.992183	13.1.2021	1940	34.62	GPS	hembra	29.0	12.3	20.6	11.2	44.9	SE	21.1	1014.9	0	1.5	1.4	30.0
-40.582881	-64.9922	13.1.2021	1945	34.56	GPS	hembra	29.0	12.3	20.6	11.2	44.9	SE	21.1	1014.9	0	1.5	1.4	30.0
-40.582869	-64.992189	13.1.2021	1950	34.57	GPS	hembra	29.0	12.3	20.6	11.2	44.9	SE	21.1	1014.9	0	1.5	1.4	30.0
-40.582877	-64.992201	13.1.2021	1955	34.54	GPS	hembra	29.0	12.3	20.6	11.2	44.9	SE	21.1	1014.9	0	1.5	1.4	30.0
-40.582881	-64.992212	13.1.2021	2000	34.75	GPS	hembra	29.0	12.3	20.6	11.4	45.7	SE	20.8	1015.2	0	1.8	1.4	30.0
-40.582886	-64.992222	13.1.2021	2005	34.85	GPS	hembra	29.0	12.3	20.6	11.4	45.7	SE	20.8	1015.2	0	1.8	1.4	30.0
-40.582905	-64.992262	13.1.2021	2010	35.34	GPS	hembra	29.0	12.3	20.6	11.4	45.7	SE	20.8	1015.2	0	1.8	1.4	30.0
-40.582876	-64.992211	13.1.2021	2015	35.53	GPS	hembra	29.0	12.3	20.6	11.4	45.7	SE	20.8	1015.2	0	1.8	1.4	30.0
-40.582969	-64.992345	13.1.2021	2020	35.7	GPS	hembra	29.0	12.3	20.6	11.4	45.7	SE	20.8	1015.2	0	1.8	1.4	30.0
-40.582898	-64.99225	13.1.2021	2025	35.73	GPS	hembra	29.0	12.3	20.6	11.4	45.7	SE	20.8	1015.2	0	1.8	1.4	30.0
-40.582997	-64.992405	13.1.2021	2030	35.68	GPS	hembra	29.0	12.3	20.6	11.4	45.7	SE	20.8	1015.2	0	1.8	1.4	30.0
-40.582833	-64.992141	13.1.2021	2046	35.6	GPS	hembra	29.0	12.3	20.6	11.4	45.7	SE	20.8	1015.2	0	1.8	1.4	30.0
-40.582753	-64.992001	13.1.2021	2050	35.83	GPS	hembra	29.0	12.3	20.6	11.4	45.7	SE	20.8	1015.2	0	1.8	1.4	30.0
-40.582867	-64.992174	13.1.2021	2056	35.48	GPS	hembra	29.0	12.3	20.6	11.4	45.7	SE	20.8	1015.2	0	1.8	1.4	30.0
-40.582806	-64.992126	13.1.2021	2101	35.45	GPS	hembra	29.0	12.3	20.6	12.0	47.3	ESE	20.4	1015.5	0	2.3	1.5	30.0
-40.582846	-64.992139	13.1.2021	2106	35.42	GPS	hembra	29.0	12.3	20.6	12.0	47.3	ESE	20.4	1015.5	0	2.3	1.5	30.0
-40.582794	-64.992051	13.1.2021	2111	35.45	GPS	hembra	29.0	12.3	20.6	12.0	47.3	ESE	20.4	1015.5	0	2.3	1.5	30.0
-40.582777	-64.992026	13.1.2021	2116	35.44	GPS	hembra	29.0	12.3	20.6	12.0	47.3	ESE	20.4	1015.5	0	2.3	1.5	30.0
-40.582854	-64.992126	13.1.2021	2121	35.37	GPS	hembra	29.0	12.3	20.6	12.0	47.3	ESE	20.4	1015.5	0	2.3	1.5	30.0
-40.58284	-64.992143	13.1.2021	2126	35.25	GPS	hembra	29.0	12.3	20.6	12.0	47.3	ESE	20.4	1015.5	0	2.3	1.5	30.0
-40.582844	-64.992151	13.1.2021	2131	35.15	GPS	hembra	29.0	12.3	20.6	12.0	47.3	ESE	20.4	1015.5	0	2.3	1.5	30.0
-40.58277800000001	-64.992012	13.1.2021	2136	35.05	GPS	hembra	29.0	12.3	20.6	12.0	47.3	ESE	20.4	1015.5	0	2.3	1.5	30.0
-40.582761	-64.99202	13.1.2021	2141	35.03	GPS	hembra	29.0	12.3	20.6	12.0	47.3	ESE	20.4	1015.5	0	2.3	1.5	30.0
-40.582825	-64.992075	13.1.2021	2146	35.0	GPS	hembra	29.0	12.3	20.6	12.0	47.3	ESE	20.4	1015.5	0	2.3	1.5	30.0
-40.582858	-64.992122	13.1.2021	2151	34.97	GPS	hembra	29.0	12.3	20.6	12.0	47.3	ESE	20.4	1015.5	0	2.3	1.5	30.0
-40.58292700000001	-64.992262	13.1.2021	2156	34.92	GPS	hembra	29.0	12.3	20.6	12.0	47.3	ESE	20.4	1015.5	0	2.3	1.5	30.0
-40.582845	-64.99220799999999	13.1.2021	2201	34.86	GPS	hembra	28.3	12.3	17.3	12.5	48.5	ESE	20.0	1016.1	0	2.8	1.5	30.0
-40.582864	-64.992154	13.1.2021	2207	34.85	GPS	hembra	28.3	12.3	17.3	12.5	48.5	ESE	20.0	1016.1	0	2.8	1.5	30.0
-40.582919	-64.992129	13.1.2021	2211	35.1	GPS	hembra	28.3	12.3	17.3	12.5	48.5	ESE	20.0	1016.1	0	2.8	1.5	30.0
-40.582886	-64.992144	13.1.2021	2217	34.93	GPS	hembra	28.3	12.3	17.3	12.5	48.5	ESE	20.0	1016.1	0	2.8	1.5	30.0
