lat	lon	date	time	tempIMU	metodologia	sexo	tempmax(C)	tempmin(C)	tempmed(C)	Temprocíomediadiaria(C)	Humedadrelativadiaria(%)	vientodir	viento(km/h)vel	Presionsobreniveldelmar(Hp)	Prec(mm)	NubesTotOct	NubbajOct	Vis(km)
-40.584302	-64.996016	10.1.2021	1319	29.45	GPS	hembra	35.0	16.1	25.6	0.0	15.1	NW	27.9	1003.5	0	3.0	0.0	30.0
-40.584325	-64.996024	10.1.2021	1328	33.38	GPS	hembra	35.0	16.1	25.6	0.0	15.1	NW	27.9	1003.5	0	3.0	0.0	30.0
-40.584282	-64.996071	10.1.2021	1338	43.44	GPS	hembra	35.0	16.1	25.6	0.0	15.1	NW	27.9	1003.5	0	3.0	0.0	30.0
-40.58425	-64.99637299999999	10.1.2021	1348	45.0	GPS	hembra	35.0	16.1	25.6	0.0	15.1	NW	27.9	1003.5	0	3.0	0.0	30.0
-40.584221	-64.99641	10.1.2021	1358	46.87	GPS	hembra	35.0	16.1	25.6	0.0	15.1	NW	27.9	1003.5	0	3.0	0.0	30.0
-40.584217	-64.99641	10.1.2021	1408	43.99	GPS	hembra	35.0	16.1	25.6	-0.2	14.8	NW	29.9	1003.5	0	3.2	0.0	30.0
-40.584226	-64.996392	10.1.2021	1418	44.39	GPS	hembra	35.0	16.1	25.6	-0.2	14.8	NW	29.9	1003.5	0	3.2	0.0	30.0
-40.584216	-64.996415	10.1.2021	1428	46.74	GPS	hembra	35.0	16.1	25.6	-0.2	14.8	NW	29.9	1003.5	0	3.2	0.0	30.0
-40.584142	-64.99644	10.1.2021	1438	47.51	GPS	hembra	35.0	16.1	25.6	-0.2	14.8	NW	29.9	1003.5	0	3.2	0.0	30.0
-40.58419	-64.996453	10.1.2021	1448	45.23	GPS	hembra	35.0	16.1	25.6	-0.2	14.8	NW	29.9	1003.5	0	3.2	0.0	30.0
-40.584193	-64.99645100000001	10.1.2021	1458	39.65	GPS	hembra	35.0	16.1	25.6	-0.2	14.8	NW	29.9	1003.5	0	3.2	0.0	30.0
-40.584145	-64.996439	10.1.2021	1508	39.09	GPS	hembra	35.0	16.1	25.6	-0.2	14.9	NW	32.1	1003.5	0	3.5	0.0	30.0
-40.584325	-64.996528	10.1.2021	1517	37.97	GPS	hembra	35.0	16.1	25.6	-0.2	14.9	NW	32.1	1003.5	0	3.5	0.0	30.0
-40.583822	-64.996381	10.1.2021	1527	38.54	GPS	hembra	35.0	16.1	25.6	-0.2	14.9	NW	32.1	1003.5	0	3.5	0.0	30.0
-40.582932	-64.996123	10.1.2021	1547	36.37	GPS	hembra	35.0	16.1	25.6	-0.2	14.9	NW	32.1	1003.5	0	3.5	0.0	30.0
-40.582984	-64.996263	10.1.2021	1557	37.75	GPS	hembra	35.0	16.1	25.6	-0.2	14.9	NW	32.1	1003.5	0	3.5	0.0	30.0
-40.582966	-64.997072	10.1.2021	1617	37.67	GPS	hembra	35.0	16.1	25.6	-0.2	14.9	NW	32.8	1003.5	0	3.6	0.0	30.0
-40.582998	-64.996881	10.1.2021	1627	37.1	GPS	hembra	35.0	16.1	25.6	-0.2	14.9	NW	32.8	1003.5	0	3.6	0.0	30.0
-40.583192	-64.996689	10.1.2021	1636	38.67	GPS	hembra	35.0	16.1	25.6	-0.2	14.9	NW	32.8	1003.5	0	3.6	0.0	30.0
-40.583427	-64.996489	10.1.2021	1646	40.22	GPS	hembra	35.0	16.1	25.6	-0.2	14.9	NW	32.8	1003.5	0	3.6	0.0	30.0
-40.583461	-64.996297	10.1.2021	1656	42.45	GPS	hembra	35.0	16.1	25.6	-0.2	14.9	NW	32.8	1003.5	0	3.6	0.0	30.0
-40.583345	-64.996287	10.1.2021	1706	41.33	GPS	hembra	35.0	16.1	25.6	-0.5	14.9	NW	33.5	1003.5	0	3.7	0.1	30.0
-40.583466	-64.99604599999999	10.1.2021	1716	40.5	GPS	hembra	35.0	16.1	25.6	-0.5	14.9	NW	33.5	1003.5	0	3.7	0.1	30.0
-40.584886	-64.995757	10.1.2021	1736	38.4	GPS	hembra	35.0	16.1	25.6	-0.5	14.9	NW	33.5	1003.5	0	3.7	0.1	30.0
-40.585186	-64.995651	10.1.2021	1746	38.43	GPS	hembra	35.0	16.1	25.6	-0.5	14.9	NW	33.5	1003.5	0	3.7	0.1	30.0
-40.584131	-64.996372	10.1.2021	1815	38.16	GPS	hembra	35.0	16.1	25.6	-0.8	14.6	NW	33.9	1003.5	0	3.8	0.2	30.0
-40.584112	-64.99639300000001	10.1.2021	1825	38.59	GPS	hembra	35.0	16.1	25.6	-0.8	14.6	NW	33.9	1003.5	0	3.8	0.2	30.0
-40.584114	-64.99638900000001	10.1.2021	1835	39.11	GPS	hembra	35.0	16.1	25.6	-0.8	14.6	NW	33.9	1003.5	0	3.8	0.2	30.0
-40.584145	-64.996402	10.1.2021	1845	39.63	GPS	hembra	35.0	16.1	25.6	-0.8	14.6	NW	33.9	1003.5	0	3.8	0.2	30.0
-40.584136	-64.996371	10.1.2021	1855	39.2	GPS	hembra	35.0	16.1	25.6	-0.8	14.6	NW	33.9	1003.5	0	3.8	0.2	30.0
-40.58414000000001	-64.996416	10.1.2021	1905	38.09	GPS	hembra	35.0	16.1	25.6	-0.9	14.5	WNW	34.4	1003.5	0	3.8	0.4	30.0
-40.58412	-64.996412	10.1.2021	1915	37.47	GPS	hembra	35.0	16.1	25.6	-0.9	14.5	WNW	34.4	1003.5	0	3.8	0.4	30.0
-40.584106	-64.996431	10.1.2021	1925	36.76	GPS	hembra	35.0	16.1	25.6	-0.9	14.5	WNW	34.4	1003.5	0	3.8	0.4	30.0
-40.584131	-64.996394	10.1.2021	1935	37.39	GPS	hembra	35.0	16.1	25.6	-0.9	14.5	WNW	34.4	1003.5	0	3.8	0.4	30.0
-40.584141	-64.996462	10.1.2021	1944	37.05	GPS	hembra	35.0	16.1	25.6	-0.9	14.5	WNW	34.4	1003.5	0	3.8	0.4	30.0
-40.584157	-64.99647	10.1.2021	1954	36.54	GPS	hembra	35.0	16.1	25.6	-0.9	14.5	WNW	34.4	1003.5	0	3.8	0.4	30.0
-40.58414000000001	-64.996256	10.1.2021	2004	37.43	GPS	hembra	35.0	16.1	25.6	-0.9	14.6	WNW	35.4	1003.5	0	3.9	0.5	30.0
-40.584156	-64.996183	10.1.2021	2014	37.93	GPS	hembra	35.0	16.1	25.6	-0.9	14.6	WNW	35.4	1003.5	0	3.9	0.5	30.0
-40.584146	-64.996277	10.1.2021	2024	37.59	GPS	hembra	35.0	16.1	25.6	-0.9	14.6	WNW	35.4	1003.5	0	3.9	0.5	30.0
-40.584194	-64.996305	10.1.2021	2034	39.52	GPS	hembra	35.0	16.1	25.6	-0.9	14.6	WNW	35.4	1003.5	0	3.9	0.5	30.0
-40.584176	-64.996495	10.1.2021	2044	39.62	GPS	hembra	35.0	16.1	25.6	-0.9	14.6	WNW	35.4	1003.5	0	3.9	0.5	30.0
-40.584212	-64.9964	10.1.2021	2054	40.66	GPS	hembra	35.0	16.1	25.6	-0.9	14.6	WNW	35.4	1003.5	0	3.9	0.5	30.0
-40.584204	-64.996545	10.1.2021	2103	39.13	GPS	hembra	35.0	16.1	25.6	-0.8	14.8	WNW	36.2	1003.5	0	4.0	0.7	30.0
-40.584117	-64.99645600000001	10.1.2021	2113	37.24	GPS	hembra	35.0	16.1	25.6	-0.8	14.8	WNW	36.2	1003.5	0	4.0	0.7	30.0
-40.584155	-64.99639	10.1.2021	2123	39.85	GPS	hembra	35.0	16.1	25.6	-0.8	14.8	WNW	36.2	1003.5	0	4.0	0.7	30.0
-40.584166	-64.996273	10.1.2021	2133	40.0	GPS	hembra	35.0	16.1	25.6	-0.8	14.8	WNW	36.2	1003.5	0	4.0	0.7	30.0
-40.584214	-64.996125	10.1.2021	2143	41.44	GPS	hembra	35.0	16.1	25.6	-0.8	14.8	WNW	36.2	1003.5	0	4.0	0.7	30.0
-40.584252	-64.996152	10.1.2021	2153	40.03	GPS	hembra	35.0	16.1	25.6	-0.8	14.8	WNW	36.2	1003.5	0	4.0	0.7	30.0
-40.584172	-64.99627199999999	10.1.2021	2203	38.24	GPS	hembra	33.3	16.1	23.5	-0.5	15.3	WNW	36.8	1003.5	0	4.0	0.8	30.0
-40.584212	-64.996315	10.1.2021	2213	37.06	GPS	hembra	33.3	16.1	23.5	-0.5	15.3	WNW	36.8	1003.5	0	4.0	0.8	30.0
-40.584223	-64.996275	10.1.2021	2223	36.3	GPS	hembra	33.3	16.1	23.5	-0.5	15.3	WNW	36.8	1003.5	0	4.0	0.8	30.0
-40.584206	-64.996314	10.1.2021	2232	34.34	GPS	hembra	33.3	16.1	23.5	-0.5	15.3	WNW	36.8	1003.5	0	4.0	0.8	30.0
-40.584226	-64.996319	10.1.2021	2242	34.72	GPS	hembra	33.3	16.1	23.5	-0.5	15.3	WNW	36.8	1003.5	0	4.0	0.8	30.0
-40.584212	-64.996362	10.1.2021	2252	34.45	GPS	hembra	33.3	16.1	23.5	-0.5	15.3	WNW	36.8	1003.5	0	4.0	0.8	30.0
-40.584218	-64.996315	10.1.2021	2302	34.04	GPS	hembra	32.3	16.1	23.5	0.1	16.1	WNW	37.5	1003.5	0	4.0	1.0	30.0
-40.584217	-64.99633399999999	10.1.2021	2312	33.53	GPS	hembra	32.3	16.1	23.5	0.1	16.1	WNW	37.5	1003.5	0	4.0	1.0	30.0
-40.584231	-64.996337	10.1.2021	2322	33.09	GPS	hembra	32.3	16.1	23.5	0.1	16.1	WNW	37.5	1003.5	0	4.0	1.0	30.0
