lat	lon	date	time	tempIMU	metodologia	sexo	tempmax(C)	tempmin(C)	tempmed(C)	Temprocíomediadiaria(C)	Humedadrelativadiaria(%)	vientodir	viento(km/h)vel	Presionsobreniveldelmar(Hp)	Prec(mm)	NubesTotOct	NubbajOct	Vis(km)
-40.584944	-64.998244	29.11.2020	1455	29.08	GPS	hembra	31.0	10.8	20.9	2.0	24.9	SSW	26.1	1012.0	0	3.1	2	30.0
-40.584926	-64.998221	29.11.2020	1505	27.91	GPS	hembra	31.0	10.8	20.9	1.7	25.2	SSW	26.7	1012.7	0	2.8	2.1	30.0
-40.584971	-64.998249	29.11.2020	1515	27.12	GPS	hembra	31.0	10.8	20.9	1.7	25.2	SSW	26.7	1012.7	0	2.8	2.1	30.0
-40.584916	-64.998245	29.11.2020	1525	26.71	GPS	hembra	31.0	10.8	20.9	1.7	25.2	SSW	26.7	1012.7	0	2.8	2.1	30.0
-40.58493	-64.998246	29.11.2020	1535	26.29	GPS	hembra	31.0	10.8	20.9	1.7	25.2	SSW	26.7	1012.7	0	2.8	2.1	30.0
-40.584913	-64.998249	29.11.2020	1545	26.56	GPS	hembra	31.0	10.8	20.9	1.7	25.2	SSW	26.7	1012.7	0	2.8	2.1	30.0
-40.584911	-64.998234	29.11.2020	1555	26.16	GPS	hembra	31.0	10.8	20.9	1.7	25.2	SSW	26.7	1012.7	0	2.8	2.1	30.0
-40.584964	-64.998242	29.11.2020	1605	26.41	GPS	hembra	31.0	10.8	20.9	1.5	25.7	SSW	26.7	1013.3	0	2.6	2.2	30.0
-40.58495300000001	-64.998255	29.11.2020	1615	32.58	GPS	hembra	31.0	10.8	20.9	1.5	25.7	SSW	26.7	1013.3	0	2.6	2.2	30.0
-40.584893	-64.998233	29.11.2020	1625	40.86	GPS	hembra	31.0	10.8	20.9	1.5	25.7	SSW	26.7	1013.3	0	2.6	2.2	30.0
-40.584841	-64.998275	29.11.2020	1635	41.95	GPS	hembra	31.0	10.8	20.9	1.5	25.7	SSW	26.7	1013.3	0	2.6	2.2	30.0
-40.584864	-64.99820799999999	29.11.2020	1645	37.82	GPS	hembra	31.0	10.8	20.9	1.5	25.7	SSW	26.7	1013.3	0	2.6	2.2	30.0
-40.584863	-64.998232	29.11.2020	1655	46.94	GPS	hembra	31.0	10.8	20.9	1.5	25.7	SSW	26.7	1013.3	0	2.6	2.2	30.0
-40.584902	-64.998257	29.11.2020	1706	39.5	GPS	hembra	31.0	10.8	20.9	1.4	26.4	SSW	26.7	1014.1	0	2.5	2.3	30.0
-40.584898	-64.998233	29.11.2020	1715	35.01	GPS	hembra	31.0	10.8	20.9	1.4	26.4	SSW	26.7	1014.1	0	2.5	2.3	30.0
-40.584892	-64.998238	29.11.2020	1725	33.17	GPS	hembra	31.0	10.8	20.9	1.4	26.4	SSW	26.7	1014.1	0	2.5	2.3	30.0
-40.584858	-64.998222	29.11.2020	1736	32.75	GPS	hembra	31.0	10.8	20.9	1.4	26.4	SSW	26.7	1014.1	0	2.5	2.3	30.0
-40.58508	-64.9982	29.11.2020	1744	*	yagui	hembra	31.0	10.8	20.9	1.4	26.4	SSW	26.7	1014.1	0	2.5	2.3	30.0
-40.584901	-64.998211	29.11.2020	1756	32.21	GPS	hembra	31.0	10.8	20.9	1.4	26.4	SSW	26.7	1014.1	0	2.5	2.3	30.0
-40.584903	-64.99821899999999	29.11.2020	1806	31.83	GPS	hembra	31.0	10.8	20.9	1.1	26.9	SSW	26.7	1014.8	0	2.2	2.5	30.0
-40.58456	-64.99897	29.11.2020	1815	*	yagui	hembra	31.0	10.8	20.9	1.1	26.9	SSW	26.7	1014.8	0	2.2	2.5	30.0
-40.584904	-64.998221	29.11.2020	1826	31.86	GPS	hembra	31.0	10.8	20.9	1.1	26.9	SSW	26.7	1014.8	0	2.2	2.5	30.0
-40.584923	-64.99823	29.11.2020	1836	32.75	GPS	hembra	31.0	10.8	20.9	1.1	26.9	SSW	26.7	1014.8	0	2.2	2.5	30.0
-40.584915	-64.998203	29.11.2020	1846	34.96	GPS	hembra	31.0	10.8	20.9	1.1	26.9	SSW	26.7	1014.8	0	2.2	2.5	30.0
-40.584908	-64.998212	29.11.2020	1856	38.33	GPS	hembra	31.0	10.8	20.9	1.1	26.9	SSW	26.7	1014.8	0	2.2	2.5	30.0
-40.584893	-64.998205	29.11.2020	1906	39.51	GPS	hembra	31.0	10.8	20.9	0.6	27.0	S	27.4	1015.7	0	2.1	2.7	30.0
-40.584889	-64.998199	29.11.2020	1916	39.75	GPS	hembra	31.0	10.8	20.9	0.6	27.0	S	27.4	1015.7	0	2.1	2.7	30.0
-40.584891	-64.998214	29.11.2020	1926	38.45	GPS	hembra	31.0	10.8	20.9	0.6	27.0	S	27.4	1015.7	0	2.1	2.7	30.0
-40.58489	-64.998209	29.11.2020	1936	38.15	GPS	hembra	31.0	10.8	20.9	0.6	27.0	S	27.4	1015.7	0	2.1	2.7	30.0
-40.584888	-64.998193	29.11.2020	1946	37.56	GPS	hembra	31.0	10.8	20.9	0.6	27.0	S	27.4	1015.7	0	2.1	2.7	30.0
-40.58489	-64.998209	29.11.2020	1956	35.89	GPS	hembra	31.0	10.8	20.9	0.6	27.0	S	27.4	1015.7	0	2.1	2.7	30.0
-40.584911	-64.998233	29.11.2020	2006	33.8	GPS	hembra	31.0	10.8	20.9	0.8	28.4	S	27.5	1016.6	0	1.9	3	30.0
-40.584873	-64.998198	29.11.2020	2017	32.71	GPS	hembra	31.0	10.8	20.9	0.8	28.4	S	27.5	1016.6	0	1.9	3	30.0
-40.584901	-64.998214	29.11.2020	2026	31.68	GPS	hembra	31.0	10.8	20.9	0.8	28.4	S	27.5	1016.6	0	1.9	3	30.0
-40.584909	-64.99821899999999	29.11.2020	2036	31.1	GPS	hembra	31.0	10.8	20.9	0.8	28.4	S	27.5	1016.6	0	1.9	3	30.0
-40.5849	-64.99824	29.11.2020	2036	*	yagui	hembra	31.0	10.8	20.9	0.8	28.4	S	27.5	1016.6	0	1.9	3	30.0
-40.584877	-64.998311	29.11.2020	2046	30.55	GPS	hembra	31.0	10.8	20.9	0.8	28.4	S	27.5	1016.6	0	1.9	3	30.0
-40.584898	-64.998211	29.11.2020	2056	29.8	GPS	hembra	31.0	10.8	20.9	0.8	28.4	S	27.5	1016.6	0	1.9	3	30.0
-40.584912	-64.99825	29.11.2020	2107	29.16	GPS	hembra	31.0	10.8	20.9	0.8	29.2	SSE	26.7	1017.5	0	1.6	3	30.0
