lat	lon	date	time	tempIMU	metodologia	sexo	tempmax(C)	tempmin(C)	tempmed(C)	Temprocíomediadiaria(C)	Humedadrelativadiaria(%)	vientodir	viento(km/h)vel	Presionsobreniveldelmar(Hp)	Prec(mm)	NubesTotOct	NubbajOct	Vis(km)
-40.585204	-64.99736800000001	1.12.2020	8	29.81	GPS	hembra	34.0	7.0	20.5	-7.4	10.3	NW	33.9	1015.0	0	0.6	0.2	30.0
-40.585178000000006	-64.99736700000001	1.12.2020	18	29.6	GPS	hembra	34.0	7.0	20.5	-7.4	10.3	NW	33.9	1015.0	0	0.6	0.2	30.0
-40.58519	-64.997385	1.12.2020	28	29.33	GPS	hembra	34.0	7.0	20.5	-7.4	10.3	NW	33.9	1015.0	0	0.6	0.2	30.0
-40.585177	-64.997389	1.12.2020	38	29.07	GPS	hembra	34.0	7.0	20.5	-7.4	10.3	NW	33.9	1015.0	0	0.6	0.2	30.0
-40.585181	-64.99737900000001	1.12.2020	48	28.83	GPS	hembra	34.0	7.0	20.5	-7.4	10.3	NW	33.9	1015.0	0	0.6	0.2	30.0
-40.58526	-64.997376	1.12.2020	59	28.59	GPS	hembra	34.0	7.0	20.5	-7.4	10.3	NW	33.9	1015.0	0	0.6	0.2	30.0
-40.585188	-64.997414	1.12.2020	108	28.33	GPS	hembra	34.0	7.0	24.3	-7.4	10.3	NW	33.9	1015.0	0	0.6	0.2	30.0
-40.585188	-64.997381	1.12.2020	118	28.05	GPS	hembra	34.0	7.0	24.3	-7.4	10.3	NW	33.9	1015.0	0	0.6	0.2	30.0
-40.585198	-64.997393	1.12.2020	128	27.87	GPS	hembra	34.0	7.0	24.3	-7.4	10.3	NW	33.9	1015.0	0	0.6	0.2	30.0
-40.5852	-64.997385	1.12.2020	139	27.74	GPS	hembra	34.0	7.0	24.3	-7.4	10.3	NW	33.9	1015.0	0	0.6	0.2	30.0
-40.585193	-64.997384	1.12.2020	149	27.64	GPS	hembra	34.0	7.0	24.3	-7.4	10.3	NW	33.9	1015.0	0	0.6	0.2	30.0
-40.585195	-64.997385	1.12.2020	159	27.43	GPS	hembra	34.0	7.0	24.3	-7.4	10.3	NW	33.9	1015.0	0	0.6	0.2	30.0
-40.585193	-64.997394	1.12.2020	209	27.18	GPS	hembra	34.0	7.0	24.6	-7.4	10.3	NW	33.9	1015.0	0	0.6	0.2	30.0
-40.585203	-64.997392	1.12.2020	219	26.92	GPS	hembra	34.0	7.0	24.6	-7.4	10.3	NW	33.9	1015.0	0	0.6	0.2	30.0
-40.58521500000001	-64.99739699999999	1.12.2020	229	26.8	GPS	hembra	34.0	7.0	24.6	-7.4	10.3	NW	33.9	1015.0	0	0.6	0.2	30.0
-40.58519	-64.99739	1.12.2020	239	26.66	GPS	hembra	34.0	7.0	24.6	-7.4	10.3	NW	33.9	1015.0	0	0.6	0.2	30.0
-40.585186	-64.997393	1.12.2020	249	26.43	GPS	hembra	34.0	7.0	24.6	-7.4	10.3	NW	33.9	1015.0	0	0.6	0.2	30.0
-40.585099	-64.997429	1.12.2020	259	26.31	GPS	hembra	34.0	7.0	24.6	-7.4	10.3	NW	33.9	1015.0	0	0.6	0.2	30.0
-40.585189	-64.99736800000001	1.12.2020	309	26.21	GPS	hembra	34.0	7.0	24.9	-7.4	10.3	NW	33.9	1015.0	0	0.6	0.2	30.0
-40.585204	-64.99736899999999	1.12.2020	319	26.12	GPS	hembra	34.0	7.0	24.9	-7.4	10.3	NW	33.9	1015.0	0	0.6	0.2	30.0
-40.585193	-64.997378	1.12.2020	329	26	GPS	hembra	34.0	7.0	24.9	-7.4	10.3	NW	33.9	1015.0	0	0.6	0.2	30.0
-40.585196	-64.997378	1.12.2020	339	25.92	GPS	hembra	34.0	7.0	24.9	-7.4	10.3	NW	33.9	1015.0	0	0.6	0.2	30.0
-40.585189	-64.997372	1.12.2020	350	25.9	GPS	hembra	34.0	7.0	24.9	-7.4	10.3	NW	33.9	1015.0	0	0.6	0.2	30.0
-40.585196	-64.997377	1.12.2020	359	25.75	GPS	hembra	34.0	7.0	24.9	-7.4	10.3	NW	33.9	1015.0	0	0.6	0.2	30.0
-40.585198	-64.99737900000001	1.12.2020	409	25.48	GPS	hembra	34.0	7.0	25.2	-7.4	10.3	NW	33.9	1015.0	0	0.6	0.2	30.0
-40.585187	-64.997382	1.12.2020	419	25.24	GPS	hembra	34.0	7.0	25.2	-7.4	10.3	NW	33.9	1015.0	0	0.6	0.2	30.0
-40.585196	-64.99738599999999	1.12.2020	429	25	GPS	hembra	34.0	7.0	25.2	-7.4	10.3	NW	33.9	1015.0	0	0.6	0.2	30.0
-40.585191	-64.997371	1.12.2020	439	24.88	GPS	hembra	34.0	7.0	25.2	-7.4	10.3	NW	33.9	1015.0	0	0.6	0.2	30.0
-40.585197	-64.99736999999999	1.12.2020	450	24.72	GPS	hembra	34.0	7.0	25.2	-7.4	10.3	NW	33.9	1015.0	0	0.6	0.2	30.0
-40.585179	-64.99735799999999	1.12.2020	500	24.66	GPS	hembra	34.0	7.0	25.5	-7.4	10.3	NW	33.9	1015.0	0	0.6	0.2	30.0
-40.585235	-64.99740899999999	1.12.2020	510	24.64	GPS	hembra	34.0	7.0	25.5	-7.4	10.3	NW	33.9	1015.0	0	0.6	0.2	30.0
-40.585174	-64.997352	1.12.2020	520	24.66	GPS	hembra	34.0	7.0	25.5	-7.4	10.3	NW	33.9	1015.0	0	0.6	0.2	30.0
-40.585181	-64.997354	1.12.2020	530	24.62	GPS	hembra	34.0	7.0	25.5	-7.4	10.3	NW	33.9	1015.0	0	0.6	0.2	30.0
-40.585122	-64.997323	1.12.2020	540	24.4	GPS	hembra	34.0	7.0	25.5	-7.4	10.3	NW	33.9	1015.0	0	0.6	0.2	30.0
-40.585198	-64.997363	1.12.2020	550	24.33	GPS	hembra	34.0	7.0	25.5	-7.4	10.3	NW	33.9	1015.0	0	0.6	0.2	30.0
-40.585177	-64.997357	1.12.2020	600	24.21	GPS	hembra	34.0	7.0	25.8	-7.4	10.3	NW	33.9	1015.0	*	0.6	0.2	30.0
-40.585237	-64.99736999999999	1.12.2020	610	24.1	GPS	hembra	34.0	7.0	25.8	-7.4	10.3	NW	33.9	1015.0	*	0.6	0.2	30.0
-40.585197	-64.997366	1.12.2020	620	23.99	GPS	hembra	34.0	7.0	25.8	-7.4	10.3	NW	33.9	1015.0	*	0.6	0.2	30.0
-40.585206	-64.997376	1.12.2020	630	23.86	GPS	hembra	34.0	7.0	25.8	-7.4	10.3	NW	33.9	1015.0	*	0.6	0.2	30.0
-40.585227	-64.997403	1.12.2020	640	23.77	GPS	hembra	34.0	7.0	25.8	-7.4	10.3	NW	33.9	1015.0	*	0.6	0.2	30.0
-40.585207	-64.997395	1.12.2020	650	23.63	GPS	hembra	34.0	7.0	25.8	-7.4	10.3	NW	33.9	1015.0	*	0.6	0.2	30.0
-40.58519	-64.99738	1.12.2020	1217	*	yagui	hembra	34.0	18.5	26.2	-7.0	10.4	NW	33.1	1008.8	0	0.6	0.2	30.0
-40.58518	-64.997405	1.12.2020	1235	32.18	GPS	hembra	34.0	18.5	26.2	-7.0	10.4	NW	33.1	1008.8	0	0.6	0.2	30.0
-40.585185	-64.997352	1.12.2020	1246	36.27	GPS	hembra	34.0	18.5	26.2	-7.0	10.4	NW	33.1	1008.8	0	0.6	0.2	30.0
-40.585212	-64.997377	1.12.2020	1256	35.68	GPS	hembra	34.0	18.5	26.2	-7.0	10.4	NW	33.1	1008.8	0	0.6	0.2	30.0
-40.585187	-64.997377	1.12.2020	1306	31.1	GPS	hembra	34.0	18.5	26.2	-7.2	9.8	NW	31.8	1008.8	0	0.6	0.2	30.0
-40.585237	-64.997359	1.12.2020	1316	29.93	GPS	hembra	34.0	18.5	26.2	-7.2	9.8	NW	31.8	1008.8	0	0.6	0.2	30.0
-40.585179	-64.997373	1.12.2020	1326	29.94	GPS	hembra	34.0	18.5	26.2	-7.2	9.8	NW	31.8	1008.8	0	0.6	0.2	30.0
-40.58512	-64.997431	1.12.2020	1346	30.54	GPS	hembra	34.0	18.5	26.2	-7.2	9.8	NW	31.8	1008.8	0	0.6	0.2	30.0
-40.585097	-64.99741	1.12.2020	1356	40.02	GPS	hembra	34.0	18.5	26.2	-7.2	9.8	NW	31.8	1008.8	0	0.6	0.2	30.0
-40.585228	-64.997298	1.12.2020	1406	50.1	GPS	hembra	34.0	18.5	26.2	-7.8	9.0	NW	30.5	1008.8	0	0.7	0.2	30.0
-40.5853	-64.997249	1.12.2020	1416	53.05	GPS	hembra	34.0	18.5	26.2	-7.8	9.0	NW	30.5	1008.8	0	0.7	0.2	30.0
-40.58533900000001	-64.997299	1.12.2020	1426	48.75	GPS	hembra	34.0	18.5	26.2	-7.8	9.0	NW	30.5	1008.8	0	0.7	0.2	30.0
-40.585361	-64.997352	1.12.2020	1436	50.24	GPS	hembra	34.0	18.5	26.2	-7.8	9.0	NW	30.5	1008.8	0	0.7	0.2	30.0
-40.585404	-64.997353	1.12.2020	1447	39.3	GPS	hembra	34.0	18.5	26.2	-7.8	9.0	NW	30.5	1008.8	0	0.7	0.2	30.0
-40.58539	-64.997343	1.12.2020	1456	36	GPS	hembra	34.0	18.5	26.2	-7.8	9.0	NW	30.5	1008.8	0	0.7	0.2	30.0
-40.585298	-64.99731899999999	1.12.2020	1507	35.18	GPS	hembra	34.0	18.5	26.2	-8.7	8.3	NW	29.7	1008.8	0	0.8	0.1	30.0
-40.585393	-64.997323	1.12.2020	1516	35.11	GPS	hembra	34.0	18.5	26.2	-8.7	8.3	NW	29.7	1008.8	0	0.8	0.1	30.0
-40.585433	-64.99724499999999	1.12.2020	1527	35.42	GPS	hembra	34.0	18.5	26.2	-8.7	8.3	NW	29.7	1008.8	0	0.8	0.1	30.0
-40.585388	-64.997336	1.12.2020	1537	35.59	GPS	hembra	34.0	18.5	26.2	-8.7	8.3	NW	29.7	1008.8	0	0.8	0.1	30.0
-40.585391	-64.997363	1.12.2020	1547	35.62	GPS	hembra	34.0	18.5	26.2	-8.7	8.3	NW	29.7	1008.8	0	0.8	0.1	30.0
-40.585388	-64.997338	1.12.2020	1603	39.95	GPS	hembra	34.0	18.5	26.2	-9.8	7.6	NW	28.4	1008.8	0	0.8	0.1	30.0
-40.585372	-64.997351	1.12.2020	1607	38.45	GPS	hembra	34.0	18.5	26.2	-9.8	7.6	NW	28.4	1008.8	0	0.8	0.1	30.0
-40.585426	-64.997341	1.12.2020	1617	36.8	GPS	hembra	34.0	18.5	26.2	-9.8	7.6	NW	28.4	1008.8	0	0.8	0.1	30.0
-40.58536	-64.997389	1.12.2020	1627	36.7	GPS	hembra	34.0	18.5	26.2	-9.8	7.6	NW	28.4	1008.8	0	0.8	0.1	30.0
-40.585405	-64.997372	1.12.2020	1637	37.33	GPS	hembra	34.0	18.5	26.2	-9.8	7.6	NW	28.4	1008.8	0	0.8	0.1	30.0
-40.585382	-64.997361	1.12.2020	1644	38.07	GPS	hembra	34.0	18.5	26.2	-9.8	7.6	NW	28.4	1008.8	0	0.8	0.1	30.0
-40.585413	-64.99733	1.12.2020	1702	37.69	GPS	hembra	34.0	18.5	26.2	-11.5	7.0	NW	27.8	1008.8	0	0.8	0.1	30.0
-40.585422	-64.997334	1.12.2020	1716	39.39	GPS	hembra	34.0	18.5	26.2	-11.5	7.0	NW	27.8	1008.8	0	0.8	0.1	30.0
-40.585411	-64.99734000000001	1.12.2020	1724	38.58	GPS	hembra	34.0	18.5	26.2	-11.5	7.0	NW	27.8	1008.8	0	0.8	0.1	30.0
-40.585372	-64.997401	1.12.2020	1733	38.18	GPS	hembra	34.0	18.5	26.2	-11.5	7.0	NW	27.8	1008.8	0	0.8	0.1	30.0
-40.585364	-64.997394	1.12.2020	1743	38.03	GPS	hembra	34.0	18.5	26.2	-11.5	7.0	NW	27.8	1008.8	0	0.8	0.1	30.0
-40.585407	-64.99732900000001	1.12.2020	1753	38.14	GPS	hembra	34.0	18.5	26.2	-11.5	7.0	NW	27.8	1008.8	0	0.8	0.1	30.0
-40.58540900000001	-64.99736800000001	1.12.2020	1804	38.69	GPS	hembra	35.4	18.5	26.2	-12.6	6.5	WNW	28.1	1008.8	0	0.8	0.1	30.0
-40.585448	-64.997399	1.12.2020	1813	38.6	GPS	hembra	35.4	18.5	26.2	-12.6	6.5	WNW	28.1	1008.8	0	0.8	0.1	30.0
-40.585486	-64.997504	1.12.2020	1823	38.26	GPS	hembra	35.4	18.5	26.2	-12.6	6.5	WNW	28.1	1008.8	0	0.8	0.1	30.0
-40.585514	-64.997439	1.12.2020	1833	38.15	GPS	hembra	35.4	18.5	26.2	-12.6	6.5	WNW	28.1	1008.8	0	0.8	0.1	30.0
-40.585425	-64.997349	1.12.2020	1843	38.17	GPS	hembra	35.4	18.5	26.2	-12.6	6.5	WNW	28.1	1008.8	0	0.8	0.1	30.0
-40.585426	-64.997324	1.12.2020	1853	38.15	GPS	hembra	35.4	18.5	26.2	-12.6	6.5	WNW	28.1	1008.8	0	0.8	0.1	30.0
-40.585395	-64.997348	1.12.2020	1904	38.47	GPS	hembra	36.2	18.5	26.2	-13.5	6.2	WNW	28.1	1008.8	0	0.8	0.2	30.0
-40.585398	-64.997336	1.12.2020	1927	43.24	GPS	hembra	36.2	18.5	26.2	-13.5	6.2	WNW	28.1	1008.8	0	0.8	0.2	30.0
-40.585406	-64.997339	1.12.2020	1934	40.25	GPS	hembra	36.2	18.5	26.2	-13.5	6.2	WNW	28.1	1008.8	0	0.8	0.2	30.0
-40.585474	-64.997371	1.12.2020	1944	38.96	GPS	hembra	36.2	18.5	26.2	-13.5	6.2	WNW	28.1	1008.8	0	0.8	0.2	30.0
-40.585403	-64.997349	1.12.2020	1954	38.59	GPS	hembra	36.2	18.5	26.2	-13.5	6.2	WNW	28.1	1008.8	0	0.8	0.2	30.0
-40.585421	-64.997353	1.12.2020	2041	43.89	GPS	hembra	36.5	18.5	26.2	-14.4	5.9	WNW	28.1	1008.8	0	0.8	0.4	30.0
-40.585412	-64.997339	1.12.2020	2044	42.75	GPS	hembra	36.5	18.5	26.2	-14.4	5.9	WNW	28.1	1008.8	0	0.8	0.4	30.0
-40.585408	-64.997312	1.12.2020	2106	43.33	GPS	hembra	36.5	18.5	26.2	-15.3	5.6	WNW	28.1	1008.8	0	0.8	0.5	30.0
-40.58541500000001	-64.99726899999999	1.12.2020	2114	39.85	GPS	hembra	36.5	18.5	26.2	-15.3	5.6	WNW	28.1	1008.8	0	0.8	0.5	30.0
-40.585424	-64.997291	1.12.2020	2124	38.49	GPS	hembra	36.5	18.5	26.2	-15.3	5.6	WNW	28.1	1008.8	0	0.8	0.5	30.0
-40.585418	-64.997276	1.12.2020	2134	37.71	GPS	hembra	36.5	18.5	26.2	-15.3	5.6	WNW	28.1	1008.8	0	0.8	0.5	30.0
-40.585361	-64.997291	1.12.2020	2144	37.39	GPS	hembra	36.5	18.5	26.2	-15.3	5.6	WNW	28.1	1008.8	0	0.8	0.5	30.0
-40.585354	-64.99730799999999	1.12.2020	2154	36.98	GPS	hembra	36.5	18.5	26.2	-15.3	5.6	WNW	28.1	1008.8	0	0.8	0.5	30.0
-40.585395	-64.997342	1.12.2020	2204	36.77	GPS	hembra	36.5	18.5	23.2	-15.8	5.4	WNW	27.7	1008.8	0	0.8	0.6	30.0
-40.585487	-64.99729	1.12.2020	2214	36.64	GPS	hembra	36.5	18.5	23.2	-15.8	5.4	WNW	27.7	1008.8	0	0.8	0.6	30.0
-40.585411	-64.99736999999999	1.12.2020	2225	36.6	GPS	hembra	36.5	18.5	23.2	-15.8	5.4	WNW	27.7	1008.8	0	0.8	0.6	30.0
-40.585385	-64.997376	1.12.2020	2234	36.3	GPS	hembra	36.5	18.5	23.2	-15.8	5.4	WNW	27.7	1008.8	0	0.8	0.6	30.0
-40.585406	-64.997465	1.12.2020	2244	35.86	GPS	hembra	36.5	18.5	23.2	-15.8	5.4	WNW	27.7	1008.8	0	0.8	0.6	30.0
-40.585397	-64.997383	1.12.2020	2254	35.51	GPS	hembra	36.5	18.5	23.2	-15.8	5.4	WNW	27.7	1008.8	0	0.8	0.6	30.0
-40.58537000000001	-64.99734699999999	1.12.2020	2304	35.02	GPS	hembra	36.5	18.5	23.2	-15.9	5.5	WNW	27.8	1008.8	0	0.8	0.8	30.0
-40.5854	-64.997324	1.12.2020	2315	33.38	GPS	hembra	36.5	18.5	23.2	-15.9	5.5	WNW	27.8	1008.8	0	0.8	0.8	30.0
-40.5854	-64.99731	1.12.2020	2325	31.59	GPS	hembra	36.5	18.5	23.2	-15.9	5.5	WNW	27.8	1008.8	0	0.8	0.8	30.0
-40.58540900000001	-64.997332	1.12.2020	2334	29.92	GPS	hembra	36.5	18.5	23.2	-15.9	5.5	WNW	27.8	1008.8	0	0.8	0.8	30.0
-40.585456	-64.997349	1.12.2020	2345	28.62	GPS	hembra	36.5	18.5	23.2	-15.9	5.5	WNW	27.8	1008.8	0	0.8	0.8	30.0
-40.585418	-64.99736	1.12.2020	2355	27.41	GPS	hembra	36.5	18.5	23.2	-15.9	5.5	WNW	27.8	1008.8	0	0.8	0.8	30.0
