lat	lon	date	time	tempIMU	metodologia	sexo	tempmax(C)	tempmin(C)	tempmed(C)	Temprocíomediadiaria(C)	Humedadrelativadiaria(%)	vientodir	viento(km/h)vel	Presionsobreniveldelmar(Hp)	Prec(mm)	NubesTotOct	NubbajOct	Vis(km)
-40.585397	-64.99730500000001	2.12.2020	5	26.45	GPS	hembra	37.3	18.2	27.8	-15.8	6.1	WNW	28.8	1005.8	0	0.6	0.8	30.0
-40.58544000000001	-64.99730799999999	2.12.2020	15	25.41	GPS	hembra	37.3	18.2	27.8	-15.8	6.1	WNW	28.8	1005.8	0	0.6	0.8	30.0
-40.58538	-64.99734000000001	2.12.2020	1132	*	yagui	hembra	37.3	18.2	27.8	-15.8	6.1	WNW	28.8	1005.8	*	0.6	0.8	30.0
-40.58539	-64.99735	2.12.2020	1158	*	yagui	hembra	37.3	18.2	27.8	-15.8	6.1	WNW	28.8	1005.8	*	0.6	0.8	30.0
-40.58539	-64.99735	2.12.2020	1232	*	yagui	hembra	37.3	14.8	26.0	-15.6	7.3	W	29.2	1009.2	0	0.8	0.9	30.0
-40.58539	-64.99733	2.12.2020	1334	*	yagui	hembra	37.3	14.8	26.0	-14.9	9.1	W	29.7	1010.9	0	0.8	0.9	30.0
-40.58538	-64.99734000000001	2.12.2020	1405	*	yagui	hembra	37.3	14.8	26.0	-13.7	11.5	W	29.2	1011.7	0	0.8	1	30.0
-40.58538	-64.99735	2.12.2020	1423	*	yagui	hembra	37.3	14.8	26.0	-13.7	11.5	W	29.2	1011.7	0	0.8	1	30.0
-40.58551	-64.99745	2.12.2020	1915	*	yagui	hembra	37.3	14.8	26.0	-3.5	23.9	S	24.2	1012.1	0	1.0	1.1	30.0
-40.585495	-64.99745	2.12.2020	1923	41.96	GPS	hembra	37.3	14.8	26.0	-3.5	23.9	S	24.2	1012.1	0	1.0	1.1	30.0
-40.585486	-64.997435	2.12.2020	1933	38.8	GPS	hembra	37.3	14.8	26.0	-3.5	23.9	S	24.2	1012.1	0	1.0	1.1	30.0
-40.585491	-64.997428	2.12.2020	1943	36.94	GPS	hembra	37.3	14.8	26.0	-3.5	23.9	S	24.2	1012.1	0	1.0	1.1	30.0
-40.585486	-64.997434	2.12.2020	1953	36.11	GPS	hembra	37.3	14.8	26.0	-3.5	23.9	S	24.2	1012.1	0	1.0	1.1	30.0
-40.585492	-64.997436	2.12.2020	2004	36.08	GPS	hembra	37.3	14.8	26.0	-1.4	26.2	SSE	23.2	1011.9	0	1.0	1.1	30.0
-40.585496	-64.99744	2.12.2020	2013	34.29	GPS	hembra	37.3	14.8	26.0	-1.4	26.2	SSE	23.2	1011.9	0	1.0	1.1	30.0
-40.585543	-64.997467	2.12.2020	2023	39.46	GPS	hembra	37.3	14.8	26.0	-1.4	26.2	SSE	23.2	1011.9	0	1.0	1.1	30.0
-40.58557	-64.99743000000001	2.12.2020	2033	37.65	GPS	hembra	37.3	14.8	26.0	-1.4	26.2	SSE	23.2	1011.9	0	1.0	1.1	30.0
-40.585593	-64.997428	2.12.2020	2043	35.36	GPS	hembra	37.3	14.8	26.0	-1.4	26.2	SSE	23.2	1011.9	0	1.0	1.1	30.0
-40.585555	-64.997427	2.12.2020	2053	34.7	GPS	hembra	37.3	14.8	26.0	-1.4	26.2	SSE	23.2	1011.9	0	1.0	1.1	30.0
-40.585572	-64.997427	2.12.2020	2104	34.78	GPS	hembra	37.3	14.8	26.0	0.7	28.6	SSE	22.7	1011.6	0	1.0	1.1	30.0
-40.585595	-64.997426	2.12.2020	2114	34.52	GPS	hembra	37.3	14.8	26.0	0.7	28.6	SSE	22.7	1011.6	0	1.0	1.1	30.0
-40.585556	-64.99744100000001	2.12.2020	2124	34.03	GPS	hembra	37.3	14.8	26.0	0.7	28.6	SSE	22.7	1011.6	0	1.0	1.1	30.0
-40.585566	-64.997421	2.12.2020	2134	33.12	GPS	hembra	37.3	14.8	26.0	0.7	28.6	SSE	22.7	1011.6	0	1.0	1.1	30.0
-40.585558	-64.997446	2.12.2020	2144	32.87	GPS	hembra	37.3	14.8	26.0	0.7	28.6	SSE	22.7	1011.6	0	1.0	1.1	30.0
-40.58560900000001	-64.99741999999999	2.12.2020	2154	31.33	GPS	hembra	37.3	14.8	26.0	0.7	28.6	SSE	22.7	1011.6	0	1.0	1.1	30.0
-40.585576	-64.997403	2.12.2020	2204	33.29	GPS	hembra	35.3	14.8	17.4	2.9	31.7	SE	22.2	1011.4	0	1.0	1.1	30.0
-40.58559	-64.99740200000001	2.12.2020	2214	35.63	GPS	hembra	35.3	14.8	17.4	2.9	31.7	SE	22.2	1011.4	0	1.0	1.1	30.0
-40.585566	-64.99740200000001	2.12.2020	2224	35.5	GPS	hembra	35.3	14.8	17.4	2.9	31.7	SE	22.2	1011.4	0	1.0	1.1	30.0
-40.585575	-64.997405	2.12.2020	2234	34.09	GPS	hembra	35.3	14.8	17.4	2.9	31.7	SE	22.2	1011.4	0	1.0	1.1	30.0
-40.585564	-64.997396	2.12.2020	2244	33.09	GPS	hembra	35.3	14.8	17.4	2.9	31.7	SE	22.2	1011.4	0	1.0	1.1	30.0
-40.585565	-64.997392	2.12.2020	2254	32.04	GPS	hembra	35.3	14.8	17.4	2.9	31.7	SE	22.2	1011.4	0	1.0	1.1	30.0
-40.585568	-64.99739699999999	2.12.2020	2304	31.17	GPS	hembra	27.1	14.8	17.4	4.3	34.9	SE	22.2	1011.2	0	0.9	1.1	30.0
-40.585566	-64.997393	2.12.2020	2314	29.78	GPS	hembra	27.1	14.8	17.4	4.3	34.9	SE	22.2	1011.2	0	0.9	1.1	30.0
-40.585567	-64.997389	2.12.2020	2324	28.43	GPS	hembra	27.1	14.8	17.4	4.3	34.9	SE	22.2	1011.2	0	0.9	1.1	30.0
-40.585558	-64.997393	2.12.2020	2334	27.23	GPS	hembra	27.1	14.8	17.4	4.3	34.9	SE	22.2	1011.2	0	0.9	1.1	30.0
-40.585557	-64.99739	2.12.2020	2344	26.48	GPS	hembra	27.1	14.8	17.4	4.3	34.9	SE	22.2	1011.2	0	0.9	1.1	30.0
-40.58556	-64.997392	2.12.2020	2354	25.89	GPS	hembra	27.1	14.8	17.4	4.3	34.9	SE	22.2	1011.2	0	0.9	1.1	30.0
