lat	lon	date	time	tempIMU	metodologia	sexo	tempmax(C)	tempmin(C)	tempmed(C)	Temprocíomediadiaria(C)	Humedadrelativadiaria(%)	vientodir	viento(km/h)vel	Presionsobreniveldelmar(Hp)	Prec(mm)	NubesTotOct	NubbajOct	Vis(km)
-40.585559	-64.997401	3.12.2020	4	25.36	GPS	hembra	23.4	14.8	19.1	5.1	36.7	SE	22.2	1011.6	0	0.8	1.1	30.0
-40.585567	-64.997398	3.12.2020	15	24.88	GPS	hembra	23.4	14.8	19.1	5.1	36.7	SE	22.2	1011.6	0	0.8	1.1	30.0
-40.585566	-64.997395	3.12.2020	25	24.44	GPS	hembra	23.4	14.8	19.1	5.1	36.7	SE	22.2	1011.6	0	0.8	1.1	30.0
-40.585658	-64.997436	3.12.2020	35	24.06	GPS	hembra	23.4	14.8	19.1	5.1	36.7	SE	22.2	1011.6	0	0.8	1.1	30.0
-40.585558	-64.99738599999999	3.12.2020	45	23.74	GPS	hembra	23.4	14.8	19.1	5.1	36.7	SE	22.2	1011.6	0	0.8	1.1	30.0
-40.585562	-64.99739699999999	3.12.2020	55	23.36	GPS	hembra	23.4	14.8	19.1	5.1	36.7	SE	22.2	1011.6	0	0.8	1.1	30.0
-40.585536	-64.99743199999999	3.12.2020	105	23.03	GPS	hembra	23.4	14.8	19.7	5.1	36.7	SE	22.2	1011.6	0	0.8	1.1	30.0
-40.585543	-64.99741999999999	3.12.2020	115	22.78	GPS	hembra	23.4	14.8	19.7	5.1	36.7	SE	22.2	1011.6	0	0.8	1.1	30.0
-40.585554	-64.997393	3.12.2020	125	22.51	GPS	hembra	23.4	14.8	19.7	5.1	36.7	SE	22.2	1011.6	0	0.8	1.1	30.0
-40.585558	-64.997398	3.12.2020	135	22.26	GPS	hembra	23.4	14.8	19.7	5.1	36.7	SE	22.2	1011.6	0	0.8	1.1	30.0
-40.585555	-64.997405	3.12.2020	145	22.12	GPS	hembra	23.4	14.8	19.7	5.1	36.7	SE	22.2	1011.6	0	0.8	1.1	30.0
-40.585563	-64.9974	3.12.2020	155	22.02	GPS	hembra	23.4	14.8	19.7	5.1	36.7	SE	22.2	1011.6	0	0.8	1.1	30.0
-40.585565	-64.99741800000001	3.12.2020	205	21.93	GPS	hembra	23.4	14.8	19.7	5.1	36.7	SE	22.2	1011.6	0	0.8	1.1	30.0
-40.585583	-64.99740899999999	3.12.2020	215	21.74	GPS	hembra	23.4	14.8	19.7	5.1	36.7	SE	22.2	1011.6	0	0.8	1.1	30.0
-40.585586	-64.997411	3.12.2020	225	21.54	GPS	hembra	23.4	14.8	19.7	5.1	36.7	SE	22.2	1011.6	0	0.8	1.1	30.0
-40.585588	-64.997403	3.12.2020	235	21.3	GPS	hembra	23.4	14.8	19.7	5.1	36.7	SE	22.2	1011.6	0	0.8	1.1	30.0
-40.585576	-64.997417	3.12.2020	245	21.04	GPS	hembra	23.4	14.8	19.7	5.1	36.7	SE	22.2	1011.6	0	0.8	1.1	30.0
-40.585567	-64.997412	3.12.2020	256	20.83	GPS	hembra	23.4	14.8	19.7	5.1	36.7	SE	22.2	1011.6	0	0.8	1.1	30.0
-40.585574	-64.997399	3.12.2020	305	20.65	GPS	hembra	23.4	14.8	19.7	5.1	36.7	SE	22.2	1011.6	0	0.8	1.1	30.0
-40.585571	-64.997389	3.12.2020	315	20.36	GPS	hembra	23.4	14.8	19.7	5.1	36.7	SE	22.2	1011.6	0	0.8	1.1	30.0
-40.585552	-64.997411	3.12.2020	326	20.07	GPS	hembra	23.4	14.8	19.7	5.1	36.7	SE	22.2	1011.6	0	0.8	1.1	30.0
-40.585566	-64.997398	3.12.2020	336	19.84	GPS	hembra	23.4	14.8	19.7	5.1	36.7	SE	22.2	1011.6	0	0.8	1.1	30.0
-40.585532	-64.997396	3.12.2020	346	19.61	GPS	hembra	23.4	14.8	19.7	5.1	36.7	SE	22.2	1011.6	0	0.8	1.1	30.0
-40.585549	-64.997404	3.12.2020	356	19.4	GPS	hembra	23.4	14.8	19.7	5.1	36.7	SE	22.2	1011.6	0	0.8	1.1	30.0
-40.585551	-64.997408	3.12.2020	406	19.31	GPS	hembra	23.4	14.8	19.7	5.1	36.7	SE	22.2	1011.6	0	0.8	1.1	30.0
-40.58555	-64.99741	3.12.2020	416	19.15	GPS	hembra	23.4	14.8	19.7	5.1	36.7	SE	22.2	1011.6	0	0.8	1.1	30.0
-40.585559	-64.99740899999999	3.12.2020	426	18.87	GPS	hembra	23.4	14.8	19.7	5.1	36.7	SE	22.2	1011.6	0	0.8	1.1	30.0
-40.585559	-64.997408	3.12.2020	436	18.55	GPS	hembra	23.4	14.8	19.7	5.1	36.7	SE	22.2	1011.6	0	0.8	1.1	30.0
-40.585543	-64.99741800000001	3.12.2020	446	18.07	GPS	hembra	23.4	14.8	19.7	5.1	36.7	SE	22.2	1011.6	0	0.8	1.1	30.0
-40.585551	-64.997401	3.12.2020	456	17.49	GPS	hembra	23.4	14.8	19.7	5.1	36.7	SE	22.2	1011.6	0	0.8	1.1	30.0
-40.585532	-64.997381	3.12.2020	506	16.97	GPS	hembra	23.4	14.8	19.7	5.1	36.7	SE	22.2	1011.6	0	0.8	1.1	30.0
-40.585547	-64.997385	3.12.2020	516	16.61	GPS	hembra	23.4	14.8	19.7	5.1	36.7	SE	22.2	1011.6	0	0.8	1.1	30.0
-40.585552	-64.997405	3.12.2020	526	16.2	GPS	hembra	23.4	14.8	19.7	5.1	36.7	SE	22.2	1011.6	0	0.8	1.1	30.0
-40.585547	-64.997392	3.12.2020	536	15.82	GPS	hembra	23.4	14.8	19.7	5.1	36.7	SE	22.2	1011.6	0	0.8	1.1	30.0
-40.58556	-64.997399	3.12.2020	546	15.74	GPS	hembra	23.4	14.8	19.7	5.1	36.7	SE	22.2	1011.6	0	0.8	1.1	30.0
-40.585566	-64.997392	3.12.2020	556	16.01	GPS	hembra	23.4	14.8	19.7	5.1	36.7	SE	22.2	1011.6	0	0.8	1.1	30.0
-40.585697	-64.997443	3.12.2020	606	16.11	GPS	hembra	23.4	14.8	19.7	5.1	36.7	SE	22.2	1011.6	*	0.8	1.1	30.0
-40.585643	-64.997405	3.12.2020	616	16.27	GPS	hembra	23.4	14.8	19.7	5.1	36.7	SE	22.2	1011.6	*	0.8	1.1	30.0
-40.585579	-64.997389	3.12.2020	627	16.51	GPS	hembra	23.4	14.8	19.7	5.1	36.7	SE	22.2	1011.6	*	0.8	1.1	30.0
-40.585565	-64.997378	3.12.2020	636	16.67	GPS	hembra	23.4	14.8	19.7	5.1	36.7	SE	22.2	1011.6	*	0.8	1.1	30.0
-40.585549	-64.99741	3.12.2020	646	16.59	GPS	hembra	23.4	14.8	19.7	5.1	36.7	SE	22.2	1011.6	*	0.8	1.1	30.0
-40.585549	-64.997431	3.12.2020	657	16.39	GPS	hembra	23.4	14.8	19.7	5.1	36.7	SE	22.2	1011.6	*	0.8	1.1	30.0
-40.585543	-64.997426	3.12.2020	707	16.39	GPS	hembra	23.4	14.8	19.1	5.1	36.7	SE	22.2	1011.6	*	0.8	1.1	30.0
-40.58555	-64.997424	3.12.2020	717	16.56	GPS	hembra	23.4	14.8	19.1	5.1	36.7	SE	22.2	1011.6	*	0.8	1.1	30.0
-40.585538	-64.997421	3.12.2020	727	16.57	GPS	hembra	23.4	14.8	19.1	5.1	36.7	SE	22.2	1011.6	*	0.8	1.1	30.0
-40.585545	-64.997421	3.12.2020	737	16.13	GPS	hembra	23.4	14.8	19.1	5.1	36.7	SE	22.2	1011.6	*	0.8	1.1	30.0
-40.585543	-64.997436	3.12.2020	747	15.83	GPS	hembra	23.4	14.8	19.1	5.1	36.7	SE	22.2	1011.6	*	0.8	1.1	30.0
-40.585545	-64.99741999999999	3.12.2020	757	15.57	GPS	hembra	23.4	14.8	19.1	5.1	36.7	SE	22.2	1011.6	*	0.8	1.1	30.0
-40.585543	-64.997377	3.12.2020	807	15.22	GPS	hembra	23.4	14.8	19.1	5.1	36.7	SE	22.2	1011.6	*	0.8	1.1	30.0
-40.585547	-64.997381	3.12.2020	817	15.09	GPS	hembra	23.4	14.8	19.1	5.1	36.7	SE	22.2	1011.6	*	0.8	1.1	30.0
-40.585541	-64.99738599999999	3.12.2020	827	14.92	GPS	hembra	23.4	14.8	19.1	5.1	36.7	SE	22.2	1011.6	*	0.8	1.1	30.0
-40.585567	-64.997376	3.12.2020	837	14.92	GPS	hembra	23.4	14.8	19.1	5.1	36.7	SE	22.2	1011.6	*	0.8	1.1	30.0
-40.585565	-64.99735799999999	3.12.2020	847	14.98	GPS	hembra	23.4	14.8	19.1	5.1	36.7	SE	22.2	1011.6	*	0.8	1.1	30.0
-40.585568	-64.99736800000001	3.12.2020	857	15.13	GPS	hembra	23.4	14.8	19.1	5.1	36.7	SE	22.2	1011.6	*	0.8	1.1	30.0
-40.585636	-64.99730500000001	3.12.2020	907	15.37	GPS	hembra	23.4	14.8	19.1	5.1	36.7	SE	22.2	1011.6	*	0.8	1.1	30.0
-40.585552	-64.997392	3.12.2020	917	15.74	GPS	hembra	23.4	14.8	19.1	5.1	36.7	SE	22.2	1011.6	*	0.8	1.1	30.0
-40.585546	-64.997377	3.12.2020	927	16.06	GPS	hembra	23.4	14.8	19.1	5.1	36.7	SE	22.2	1011.6	*	0.8	1.1	30.0
-40.585547	-64.9974	3.12.2020	938	16.44	GPS	hembra	23.4	14.8	19.1	5.1	36.7	SE	22.2	1011.6	*	0.8	1.1	30.0
-40.58556	-64.997393	3.12.2020	948	16.83	GPS	hembra	23.4	14.8	19.1	5.1	36.7	SE	22.2	1011.6	*	0.8	1.1	30.0
-40.585557	-64.997393	3.12.2020	958	17.51	GPS	hembra	23.4	14.8	19.1	5.1	36.7	SE	22.2	1011.6	*	0.8	1.1	30.0
-40.585548	-64.997404	3.12.2020	1008	17.8	GPS	hembra	23.4	18.4	20.9	5.1	36.7	SE	22.2	1011.6	*	0.8	1.1	30.0
-40.585561	-64.997413	3.12.2020	1018	18.58	GPS	hembra	23.4	18.4	20.9	5.1	36.7	SE	22.2	1011.6	*	0.8	1.1	30.0
-40.585544	-64.99740200000001	3.12.2020	1028	18.39	GPS	hembra	23.4	18.4	20.9	5.1	36.7	SE	22.2	1011.6	*	0.8	1.1	30.0
-40.585544	-64.997404	3.12.2020	1038	17.92	GPS	hembra	23.4	18.4	20.9	5.1	36.7	SE	22.2	1011.6	*	0.8	1.1	30.0
-40.585545	-64.997403	3.12.2020	1048	17.16	GPS	hembra	23.4	18.4	20.9	5.1	36.7	SE	22.2	1011.6	*	0.8	1.1	30.0
-40.585546	-64.997394	3.12.2020	1058	17.77	GPS	hembra	23.4	18.4	20.9	5.1	36.7	SE	22.2	1011.6	*	0.8	1.1	30.0
-40.585557	-64.997403	3.12.2020	1108	18.13	GPS	hembra	23.4	18.4	20.9	5.1	36.7	SE	22.2	1011.6	*	0.8	1.1	30.0
-40.585559	-64.997401	3.12.2020	1118	19.04	GPS	hembra	23.4	18.4	20.9	5.1	36.7	SE	22.2	1011.6	*	0.8	1.1	30.0
-40.585553	-64.997398	3.12.2020	1128	18.49	GPS	hembra	23.4	18.4	20.9	5.1	36.7	SE	22.2	1011.6	*	0.8	1.1	30.0
-40.58554	-64.997399	3.12.2020	1138	19.24	GPS	hembra	23.4	18.4	20.9	5.1	36.7	SE	22.2	1011.6	*	0.8	1.1	30.0
-40.585562	-64.997411	3.12.2020	1148	19.38	GPS	hembra	23.4	18.4	20.9	5.1	36.7	SE	22.2	1011.6	*	0.8	1.1	30.0
-40.585562	-64.997412	3.12.2020	1158	19.8	GPS	hembra	23.4	18.4	20.9	5.1	36.7	SE	22.2	1011.6	*	0.8	1.1	30.0
-40.585571	-64.997422	3.12.2020	1208	19.9	GPS	hembra	23.4	12.8	18.1	4.8	36.2	SE	23.0	1011.6	0	0.8	1	30.0
-40.585566	-64.997426	3.12.2020	1218	20.48	GPS	hembra	23.4	12.8	18.1	4.8	36.2	SE	23.0	1011.6	0	0.8	1	30.0
-40.585568	-64.997414	3.12.2020	1228	21.56	GPS	hembra	23.4	12.8	18.1	4.8	36.2	SE	23.0	1011.6	0	0.8	1	30.0
-40.585569	-64.997437	3.12.2020	1238	22.03	GPS	hembra	23.4	12.8	18.1	4.8	36.2	SE	23.0	1011.6	0	0.8	1	30.0
-40.58557	-64.997403	3.12.2020	1249	23.93	GPS	hembra	23.4	12.8	18.1	4.8	36.2	SE	23.0	1011.6	0	0.8	1	30.0
-40.585541	-64.9974	3.12.2020	1258	25.1	GPS	hembra	23.4	12.8	18.1	4.8	36.2	SE	23.0	1011.6	0	0.8	1	30.0
-40.585575	-64.997388	3.12.2020	1309	24.57	GPS	hembra	23.4	12.8	18.1	4.4	35.6	SE	23.7	1011.7	0	0.8	1	30.0
-40.58557	-64.997389	3.12.2020	1319	24.68	GPS	hembra	23.4	12.8	18.1	4.4	35.6	SE	23.7	1011.7	0	0.8	1	30.0
-40.585569	-64.99739	3.12.2020	1329	26.28	GPS	hembra	23.4	12.8	18.1	4.4	35.6	SE	23.7	1011.7	0	0.8	1	30.0
-40.585558	-64.99738599999999	3.12.2020	1339	37.12	GPS	hembra	23.4	12.8	18.1	4.4	35.6	SE	23.7	1011.7	0	0.8	1	30.0
-40.585568	-64.997393	3.12.2020	1349	41.32	GPS	hembra	23.4	12.8	18.1	4.4	35.6	SE	23.7	1011.7	0	0.8	1	30.0
-40.585581	-64.997399	3.12.2020	1359	43.96	GPS	hembra	23.4	12.8	18.1	4.4	35.6	SE	23.7	1011.7	0	0.8	1	30.0
-40.58621	-64.99704	3.12.2020	2140	*	yagui	hembra	23.4	12.8	18.1	2.6	34.5	SE	25.4	1014.6	0	0.5	0.8	30.0
