lat	lon	date	time	tempIMU	metodologia	sexo	tempmax(C)	tempmin(C)	tempmed(C)	Temprocíomediadiaria(C)	Humedadrelativadiaria(%)	vientodir	viento(km/h)vel	Presionsobreniveldelmar(Hp)	Prec(mm)	NubesTotOct	NubbajOct	Vis(km)
-40.584869	-64.99821899999999	30.11.2020	1155	24.93	GPS	hembra	20.2	15.2	17.7	-0.8	27.6	SE	20.2	1020.1	*	0.2	0.5	30.0
-40.584877	-64.998212	30.11.2020	1205	22.7	GPS	hembra	20.3	7.0	13.7	-1.0	26.7	ESE	20.8	1020.1	0	0.1	*	30.0
-40.584875	-64.998214	30.11.2020	1215	22.51	GPS	hembra	20.3	7.0	13.7	-1.0	26.7	ESE	20.8	1020.1	0	0.1	*	30.0
-40.584923	-64.99817900000001	30.11.2020	1225	22.77	GPS	hembra	20.3	7.0	13.7	-1.0	26.7	ESE	20.8	1020.1	0	0.1	*	30.0
-40.584891	-64.998213	30.11.2020	1235	23.56	GPS	hembra	20.3	7.0	13.7	-1.0	26.7	ESE	20.8	1020.1	0	0.1	*	30.0
-40.584946	-64.998143	30.11.2020	1245	23.61	GPS	hembra	20.3	7.0	13.7	-1.0	26.7	ESE	20.8	1020.1	0	0.1	*	30.0
-40.584925	-64.998172	30.11.2020	1256	24.54	GPS	hembra	20.3	7.0	13.7	-1.0	26.7	ESE	20.8	1020.1	0	0.1	*	30.0
-40.58488	-64.998231	30.11.2020	1305	27.72	GPS	hembra	21.2	7.0	13.7	-1.1	26.0	ESE	21.7	1020.1	0	0.0	*	30.0
-40.584879	-64.998199	30.11.2020	1315	43.01	GPS	hembra	21.2	7.0	13.7	-1.1	26.0	ESE	21.7	1020.1	0	0.0	*	30.0
-40.5849	-64.998112	30.11.2020	1325	30.75	GPS	hembra	21.2	7.0	13.7	-1.1	26.0	ESE	21.7	1020.1	0	0.0	*	30.0
-40.584918	-64.998106	30.11.2020	1335	26.71	GPS	hembra	21.2	7.0	13.7	-1.1	26.0	ESE	21.7	1020.1	0	0.0	*	30.0
-40.584919	-64.998124	30.11.2020	1346	26.28	GPS	hembra	21.2	7.0	13.7	-1.1	26.0	ESE	21.7	1020.1	0	0.0	*	30.0
-40.58491	-64.99811	30.11.2020	1348	*	yagui	hembra	21.2	7.0	13.7	-1.1	26.0	ESE	21.7	1020.1	0	0.0	*	30.0
-40.584905	-64.998145	30.11.2020	1356	27.01	GPS	hembra	21.2	7.0	13.7	-1.1	26.0	ESE	21.7	1020.1	0	0.0	*	30.0
-40.584931	-64.998111	30.11.2020	1406	27.93	GPS	hembra	22.7	7.0	13.7	-1.1	25.5	ENE	22.7	1020.0	0	0.0	*	30.0
-40.584913	-64.9981	30.11.2020	1416	35.65	GPS	hembra	22.7	7.0	13.7	-1.1	25.5	ENE	22.7	1020.0	0	0.0	*	30.0
-40.584939	-64.998122	30.11.2020	1426	41.81	GPS	hembra	22.7	7.0	13.7	-1.1	25.5	ENE	22.7	1020.0	0	0.0	*	30.0
-40.584905	-64.998086	30.11.2020	1436	43	GPS	hembra	22.7	7.0	13.7	-1.1	25.5	ENE	22.7	1020.0	0	0.0	*	30.0
-40.584899	-64.99810500000001	30.11.2020	1446	50.22	GPS	hembra	22.7	7.0	13.7	-1.1	25.5	ENE	22.7	1020.0	0	0.0	*	30.0
-40.584942	-64.99810699999999	30.11.2020	1456	53.54	GPS	hembra	22.7	7.0	13.7	-1.1	25.5	ENE	22.7	1020.0	0	0.0	*	30.0
-40.584906	-64.99811700000001	30.11.2020	1506	53.28	GPS	hembra	26.3	7.0	13.7	-1.3	24.6	NE	24.1	1020.0	0	0.0	*	30.0
-40.584918	-64.998115	30.11.2020	1516	49.52	GPS	hembra	26.3	7.0	13.7	-1.3	24.6	NE	24.1	1020.0	0	0.0	*	30.0
-40.58493	-64.998104	30.11.2020	1526	45.14	GPS	hembra	26.3	7.0	13.7	-1.3	24.6	NE	24.1	1020.0	0	0.0	*	30.0
-40.584927	-64.998104	30.11.2020	1536	47.6	GPS	hembra	26.3	7.0	13.7	-1.3	24.6	NE	24.1	1020.0	0	0.0	*	30.0
-40.58491	-64.998112	30.11.2020	1546	41.83	GPS	hembra	26.3	7.0	13.7	-1.3	24.6	NE	24.1	1020.0	0	0.0	*	30.0
-40.584901	-64.998122	30.11.2020	1556	36.9	GPS	hembra	26.3	7.0	13.7	-1.3	24.6	NE	24.1	1020.0	0	0.0	*	30.0
-40.584913	-64.998114	30.11.2020	1606	39.04	GPS	hembra	27.4	7.0	13.7	-1.6	23.4	NNE	26.2	1019.9	0	0.0	*	30.0
-40.584925	-64.998103	30.11.2020	1616	43.73	GPS	hembra	27.4	7.0	13.7	-1.6	23.4	NNE	26.2	1019.9	0	0.0	*	30.0
-40.584913	-64.998115	30.11.2020	1626	37.51	GPS	hembra	27.4	7.0	13.7	-1.6	23.4	NNE	26.2	1019.9	0	0.0	*	30.0
-40.584938	-64.998129	30.11.2020	1636	35.4	GPS	hembra	27.4	7.0	13.7	-1.6	23.4	NNE	26.2	1019.9	0	0.0	*	30.0
-40.58491	-64.99811899999999	30.11.2020	1647	37.72	GPS	hembra	27.4	7.0	13.7	-1.6	23.4	NNE	26.2	1019.9	0	0.0	*	30.0
-40.584921	-64.998109	30.11.2020	1656	41.74	GPS	hembra	27.4	7.0	13.7	-1.6	23.4	NNE	26.2	1019.9	0	0.0	*	30.0
-40.584897	-64.998048	30.11.2020	1707	39.32	GPS	hembra	29.8	7.0	13.7	-2.0	22.0	N	27.5	1019.9	0	0.0	*	30.0
-40.58491400000001	-64.998085	30.11.2020	1717	38.22	GPS	hembra	29.8	7.0	13.7	-2.0	22.0	N	27.5	1019.9	0	0.0	*	30.0
-40.584915	-64.998101	30.11.2020	1727	39.36	GPS	hembra	29.8	7.0	13.7	-2.0	22.0	N	27.5	1019.9	0	0.0	*	30.0
-40.584909	-64.998103	30.11.2020	1737	40.8	GPS	hembra	29.8	7.0	13.7	-2.0	22.0	N	27.5	1019.9	0	0.0	*	30.0
-40.584908	-64.998097	30.11.2020	1747	41.8	GPS	hembra	29.8	7.0	13.7	-2.0	22.0	N	27.5	1019.9	0	0.0	*	30.0
-40.584897	-64.99808	30.11.2020	1757	43.51	GPS	hembra	29.8	7.0	13.7	-2.0	22.0	N	27.5	1019.9	0	0.0	*	30.0
-40.584835	-64.99807	30.11.2020	1807	43.79	GPS	hembra	30.1	7.0	13.7	-2.8	20.2	NNW	28.8	1019.9	0	0.0	*	30.0
-40.584889	-64.998075	30.11.2020	1817	43.9	GPS	hembra	30.1	7.0	13.7	-2.8	20.2	NNW	28.8	1019.9	0	0.0	*	30.0
-40.584872	-64.998068	30.11.2020	1827	42.85	GPS	hembra	30.1	7.0	13.7	-2.8	20.2	NNW	28.8	1019.9	0	0.0	*	30.0
-40.584888	-64.998062	30.11.2020	1837	42.2	GPS	hembra	30.1	7.0	13.7	-2.8	20.2	NNW	28.8	1019.9	0	0.0	*	30.0
-40.584901	-64.998062	30.11.2020	1847	42.41	GPS	hembra	30.1	7.0	13.7	-2.8	20.2	NNW	28.8	1019.9	0	0.0	*	30.0
-40.584904	-64.998086	30.11.2020	1857	42.14	GPS	hembra	30.1	7.0	13.7	-2.8	20.2	NNW	28.8	1019.9	0	0.0	*	30.0
-40.58491400000001	-64.998077	30.11.2020	1907	40.93	GPS	hembra	32.0	7.0	13.7	-3.8	18.2	NNW	29.8	1020.0	0	0.0	*	30.0
-40.584912	-64.998091	30.11.2020	1917	38.77	GPS	hembra	32.0	7.0	13.7	-3.8	18.2	NNW	29.8	1020.0	0	0.0	*	30.0
-40.584924	-64.998053	30.11.2020	1927	37.23	GPS	hembra	32.0	7.0	13.7	-3.8	18.2	NNW	29.8	1020.0	0	0.0	*	30.0
-40.584909	-64.998073	30.11.2020	1937	36.18	GPS	hembra	32.0	7.0	13.7	-3.8	18.2	NNW	29.8	1020.0	0	0.0	*	30.0
-40.584905	-64.99808399999999	30.11.2020	1947	35.7	GPS	hembra	32.0	7.0	13.7	-3.8	18.2	NNW	29.8	1020.0	0	0.0	*	30.0
-40.58492	-64.99812	30.11.2020	1956	*	yagui	hembra	32.0	7.0	13.7	-3.8	18.2	NNW	29.8	1020.0	0	0.0	*	30.0
-40.584896	-64.998078	30.11.2020	1957	35.42	GPS	hembra	32.0	7.0	13.7	-3.8	18.2	NNW	29.8	1020.0	0	0.0	*	30.0
-40.584896	-64.998071	30.11.2020	2008	35.1	GPS	hembra	32.5	7.0	13.7	-4.7	16.3	NNW	30.4	1020.1	0	0.1	*	30.0
-40.584856	-64.998032	30.11.2020	2017	35.02	GPS	hembra	32.5	7.0	13.7	-4.7	16.3	NNW	30.4	1020.1	0	0.1	*	30.0
-40.584925	-64.99809599999999	30.11.2020	2027	34.67	GPS	hembra	32.5	7.0	13.7	-4.7	16.3	NNW	30.4	1020.1	0	0.1	*	30.0
-40.584932	-64.99812299999999	30.11.2020	2037	34.9	GPS	hembra	32.5	7.0	13.7	-4.7	16.3	NNW	30.4	1020.1	0	0.1	*	30.0
-40.58494	-64.998091	30.11.2020	2047	35.46	GPS	hembra	32.5	7.0	13.7	-4.7	16.3	NNW	30.4	1020.1	0	0.1	*	30.0
-40.584967	-64.998012	30.11.2020	2057	40.03	GPS	hembra	32.5	7.0	13.7	-4.7	16.3	NNW	30.4	1020.1	0	0.1	*	30.0
-40.585	-64.99798	30.11.2020	2107	39.74	GPS	hembra	32.7	7.0	13.7	-5.4	14.9	NW	31.4	1020.2	0	0.2	0	30.0
-40.585041	-64.99799300000001	30.11.2020	2117	39.67	GPS	hembra	32.7	7.0	13.7	-5.4	14.9	NW	31.4	1020.2	0	0.2	0	30.0
-40.585011	-64.99783599999999	30.11.2020	2127	38.11	GPS	hembra	32.7	7.0	13.7	-5.4	14.9	NW	31.4	1020.2	0	0.2	0	30.0
-40.585051	-64.997559	30.11.2020	2138	36.89	GPS	hembra	32.7	7.0	13.7	-5.4	14.9	NW	31.4	1020.2	0	0.2	0	30.0
-40.585119	-64.997566	30.11.2020	2148	37.16	GPS	hembra	32.7	7.0	13.7	-5.4	14.9	NW	31.4	1020.2	0	0.2	0	30.0
-40.585108	-64.997551	30.11.2020	2158	37.19	GPS	hembra	32.7	7.0	13.7	-5.4	14.9	NW	31.4	1020.2	0	0.2	0	30.0
-40.585144	-64.997455	30.11.2020	2208	33.87	GPS	hembra	32.7	7.0	13.7	-6.3	13.4	NW	32.6	1020.4	0	0.2	0	30.0
-40.585182	-64.99740600000001	30.11.2020	2218	33.06	GPS	hembra	32.7	7.0	13.7	-6.3	13.4	NW	32.6	1020.4	0	0.2	0	30.0
-40.585197	-64.997363	30.11.2020	2228	33.19	GPS	hembra	32.7	7.0	13.7	-6.3	13.4	NW	32.6	1020.4	0	0.2	0	30.0
-40.585179	-64.997364	30.11.2020	2238	32.53	GPS	hembra	32.7	7.0	13.7	-6.3	13.4	NW	32.6	1020.4	0	0.2	0	30.0
-40.585183	-64.997365	30.11.2020	2248	31.92	GPS	hembra	32.7	7.0	13.7	-6.3	13.4	NW	32.6	1020.4	0	0.2	0	30.0
-40.585179	-64.99735600000001	30.11.2020	2258	31.22	GPS	hembra	32.7	7.0	13.7	-6.3	13.4	NW	32.6	1020.4	0	0.2	0	30.0
-40.585168	-64.997361	30.11.2020	2308	30.55	GPS	hembra	32.7	7.0	13.7	-7.1	11.7	NW	33.8	1020.5	0	0.4	0	30.0
-40.585177	-64.997359	30.11.2020	2318	30.17	GPS	hembra	32.7	7.0	13.7	-7.1	11.7	NW	33.8	1020.5	0	0.4	0	30.0
-40.585163	-64.997354	30.11.2020	2328	29.95	GPS	hembra	32.7	7.0	13.7	-7.1	11.7	NW	33.8	1020.5	0	0.4	0	30.0
-40.585178000000006	-64.997357	30.11.2020	2338	30.05	GPS	hembra	32.7	7.0	13.7	-7.1	11.7	NW	33.8	1020.5	0	0.4	0	30.0
-40.585189	-64.997363	30.11.2020	2348	30.13	GPS	hembra	32.7	7.0	13.7	-7.1	11.7	NW	33.8	1020.5	0	0.4	0	30.0
-40.585196	-64.997366	30.11.2020	2358	29.97	GPS	hembra	32.7	7.0	13.7	-7.1	11.7	NW	33.8	1020.5	0	0.4	0	30.0
