lat	lon	date	time	tempIMU	metodologia	sexo	tempmax(C)	tempmin(C)	tempmed(C)	Temprocíomediadiaria(C)	Humedadrelativadiaria(%)	vientodir	viento(km/h)vel	Presionsobreniveldelmar(Hp)	Prec(mm)	NubesTotOct	NubbajOct	Vis(km)
-40.585144	-64.996012	2.12.2020	1129	29.22	GPS	hembra	37.3	18.2	27.8	-15.8	6.1	WNW	28.8	1005.8	*	0.6	0.8	30
-40.58512	-64.99601899999999	2.12.2020	1134	27.55	GPS	hembra	37.3	18.2	27.8	-15.8	6.1	WNW	28.8	1005.8	*	0.6	0.8	30
-40.58511	-64.996076	2.12.2020	1139	26.28	GPS	hembra	37.3	18.2	27.8	-15.8	6.1	WNW	28.8	1005.8	*	0.6	0.8	30
-40.58515300000001	-64.996045	2.12.2020	1144	25.35	GPS	hembra	37.3	18.2	27.8	-15.8	6.1	WNW	28.8	1005.8	*	0.6	0.8	30
-40.585121	-64.996052	2.12.2020	1149	24.45	GPS	hembra	37.3	18.2	27.8	-15.8	6.1	WNW	28.8	1005.8	*	0.6	0.8	30
-40.585043	-64.99600000000001	2.12.2020	1154	25.22	GPS	hembra	37.3	18.2	27.8	-15.8	6.1	WNW	28.8	1005.8	*	0.6	0.8	30
-40.585039	-64.996015	2.12.2020	1200	24.98	GPS	hembra	37.3	14.8	26.0	-15.6	7.3	W	29.2	1009.2	0	0.8	0.9	30
-40.585063	-64.99600600000001	2.12.2020	1205	25.2	GPS	hembra	37.3	14.8	26.0	-15.6	7.3	W	29.2	1009.2	0	0.8	0.9	30
-40.585107	-64.996044	2.12.2020	1210	27.3	GPS	hembra	37.3	14.8	26.0	-15.6	7.3	W	29.2	1009.2	0	0.8	0.9	30
-40.58512	-64.996044	2.12.2020	1215	29.17	GPS	hembra	37.3	14.8	26.0	-15.6	7.3	W	29.2	1009.2	0	0.8	0.9	30
-40.585096	-64.995994	2.12.2020	1220	33.47	GPS	hembra	37.3	14.8	26.0	-15.6	7.3	W	29.2	1009.2	0	0.8	0.9	30
-40.58505	-64.99601700000001	2.12.2020	1225	32.83	GPS	hembra	37.3	14.8	26.0	-15.6	7.3	W	29.2	1009.2	0	0.8	0.9	30
-40.58501500000001	-64.996084	2.12.2020	1230	32.68	GPS	hembra	37.3	14.8	26.0	-15.6	7.3	W	29.2	1009.2	0	0.8	0.9	30
-40.584994	-64.99602	2.12.2020	1235	36.86	GPS	hembra	37.3	14.8	26.0	-15.6	7.3	W	29.2	1009.2	0	0.8	0.9	30
-40.584953999999996	-64.995959	2.12.2020	1240	36.53	GPS	hembra	37.3	14.8	26.0	-15.6	7.3	W	29.2	1009.2	0	0.8	0.9	30
-40.584851	-64.99596700000001	2.12.2020	1245	35.95	GPS	hembra	37.3	14.8	26.0	-15.6	7.3	W	29.2	1009.2	0	0.8	0.9	30
-40.584782000000004	-64.996021	2.12.2020	1250	34.93	GPS	hembra	37.3	14.8	26.0	-15.6	7.3	W	29.2	1009.2	0	0.8	0.9	30
-40.584676	-64.995964	2.12.2020	1255	37.28	GPS	hembra	37.3	14.8	26.0	-15.6	7.3	W	29.2	1009.2	0	0.8	0.9	30
-40.584635	-64.995956	2.12.2020	1300	39.24	GPS	hembra	37.3	14.8	26.0	-14.9	9.1	W	29.7	1010.9	0	0.8	0.9	30
-40.584601	-64.995913	2.12.2020	1306	42.23	GPS	hembra	37.3	14.8	26.0	-14.9	9.1	W	29.7	1010.9	0	0.8	0.9	30
-40.584784	-64.996013	2.12.2020	1311	39.62	GPS	hembra	37.3	14.8	26.0	-14.9	9.1	W	29.7	1010.9	0	0.8	0.9	30
-40.58459000000001	-64.995937	2.12.2020	1316	42.43	GPS	hembra	37.3	14.8	26.0	-14.9	9.1	W	29.7	1010.9	0	0.8	0.9	30
-40.584592	-64.995913	2.12.2020	1321	41.62	GPS	hembra	37.3	14.8	26.0	-14.9	9.1	W	29.7	1010.9	0	0.8	0.9	30
-40.584544	-64.995856	2.12.2020	1326	43.54	GPS	hembra	37.3	14.8	26.0	-14.9	9.1	W	29.7	1010.9	0	0.8	0.9	30
-40.58453400000001	-64.996027	2.12.2020	1331	38.82	GPS	hembra	37.3	14.8	26.0	-14.9	9.1	W	29.7	1010.9	0	0.8	0.9	30
-40.584533	-64.996004	2.12.2020	1336	35.16	GPS	hembra	37.3	14.8	26.0	-14.9	9.1	W	29.7	1010.9	0	0.8	0.9	30
-40.584556	-64.99600000000001	2.12.2020	1341	33.14	GPS	hembra	37.3	14.8	26.0	-14.9	9.1	W	29.7	1010.9	0	0.8	0.9	30
-40.584531	-64.996054	2.12.2020	1346	40.25	GPS	hembra	37.3	14.8	26.0	-14.9	9.1	W	29.7	1010.9	0	0.8	0.9	30
-40.584544	-64.996045	2.12.2020	1351	42.43	GPS	hembra	37.3	14.8	26.0	-14.9	9.1	W	29.7	1010.9	0	0.8	0.9	30
-40.584555	-64.99608	2.12.2020	1356	38.8	GPS	hembra	37.3	14.8	26.0	-14.9	9.1	W	29.7	1010.9	0	0.8	0.9	30
-40.584505	-64.996063	2.12.2020	1401	41.94	GPS	hembra	37.3	14.8	26.0	-13.7	11.5	W	29.2	1011.7	0	0.8	1	30
-40.584415	-64.996024	2.12.2020	1406	45.09	GPS	hembra	37.3	14.8	26.0	-13.7	11.5	W	29.2	1011.7	0	0.8	1	30
-40.584421	-64.996013	2.12.2020	1411	36.21	GPS	hembra	37.3	14.8	26.0	-13.7	11.5	W	29.2	1011.7	0	0.8	1	30
-40.584391	-64.99596700000001	2.12.2020	1416	44.14	GPS	hembra	37.3	14.8	26.0	-13.7	11.5	W	29.2	1011.7	0	0.8	1	30
-40.584329	-64.995989	2.12.2020	1421	46.16	GPS	hembra	37.3	14.8	26.0	-13.7	11.5	W	29.2	1011.7	0	0.8	1	30
-40.584272	-64.995944	2.12.2020	1426	48.5	GPS	hembra	37.3	14.8	26.0	-13.7	11.5	W	29.2	1011.7	0	0.8	1	30
-40.584247999999995	-64.995796	2.12.2020	1431	49.45	GPS	hembra	37.3	14.8	26.0	-13.7	11.5	W	29.2	1011.7	0	0.8	1	30
-40.584205	-64.99556899999999	2.12.2020	1437	51.65	GPS	hembra	37.3	14.8	26.0	-13.7	11.5	W	29.2	1011.7	0	0.8	1	30
-40.584143	-64.995337	2.12.2020	1442	51.23	GPS	hembra	37.3	14.8	26.0	-13.7	11.5	W	29.2	1011.7	0	0.8	1	30
-40.58413	-64.99533000000001	2.12.2020	1447	43.43	GPS	hembra	37.3	14.8	26.0	-13.7	11.5	W	29.2	1011.7	0	0.8	1	30
-40.584107	-64.995308	2.12.2020	1502	37.15	GPS	hembra	37.3	14.8	26.0	-12.1	13.9	WSW	28.2	1012.1	0	0.8	1.1	30
-40.584117	-64.995254	2.12.2020	1507	36.66	GPS	hembra	37.3	14.8	26.0	-12.1	13.9	WSW	28.2	1012.1	0	0.8	1.1	30
-40.5841	-64.995194	2.12.2020	1512	46.83	GPS	hembra	37.3	14.8	26.0	-12.1	13.9	WSW	28.2	1012.1	0	0.8	1.1	30
-40.584022	-64.995026	2.12.2020	1517	50.54	GPS	hembra	37.3	14.8	26.0	-12.1	13.9	WSW	28.2	1012.1	0	0.8	1.1	30
-40.584053000000004	-64.994846	2.12.2020	1522	52.18	GPS	hembra	37.3	14.8	26.0	-12.1	13.9	WSW	28.2	1012.1	0	0.8	1.1	30
-40.583996	-64.994876	2.12.2020	1527	42.51	GPS	hembra	37.3	14.8	26.0	-12.1	13.9	WSW	28.2	1012.1	0	0.8	1.1	30
-40.584056	-64.994873	2.12.2020	1532	37.93	GPS	hembra	37.3	14.8	26.0	-12.1	13.9	WSW	28.2	1012.1	0	0.8	1.1	30
-40.584066	-64.994885	2.12.2020	1537	36.63	GPS	hembra	37.3	14.8	26.0	-12.1	13.9	WSW	28.2	1012.1	0	0.8	1.1	30
-40.58407800000001	-64.99483199999999	2.12.2020	1542	42.01	GPS	hembra	37.3	14.8	26.0	-12.1	13.9	WSW	28.2	1012.1	0	0.8	1.1	30
-40.584071	-64.994834	2.12.2020	1547	38.32	GPS	hembra	37.3	14.8	26.0	-12.1	13.9	WSW	28.2	1012.1	0	0.8	1.1	30
-40.584148	-64.994834	2.12.2020	1552	36.05	GPS	hembra	37.3	14.8	26.0	-12.1	13.9	WSW	28.2	1012.1	0	0.8	1.1	30
-40.584075	-64.994838	2.12.2020	1557	35.47	GPS	hembra	37.3	14.8	26.0	-12.1	13.9	WSW	28.2	1012.1	0	0.8	1.1	30
-40.584103999999996	-64.994775	2.12.2020	1603	33.33	GPS	hembra	37.3	14.8	26.0	-10.4	16.1	WSW	27.2	1012.3	0	0.8	1.1	30
-40.584114	-64.994784	2.12.2020	1608	34.41	GPS	hembra	37.3	14.8	26.0	-10.4	16.1	WSW	27.2	1012.3	0	0.8	1.1	30
-40.584123999999996	-64.994805	2.12.2020	1613	34.02	GPS	hembra	37.3	14.8	26.0	-10.4	16.1	WSW	27.2	1012.3	0	0.8	1.1	30
-40.584123	-64.994805	2.12.2020	1618	36	GPS	hembra	37.3	14.8	26.0	-10.4	16.1	WSW	27.2	1012.3	0	0.8	1.1	30
-40.58412	-64.994803	2.12.2020	1623	35.17	GPS	hembra	37.3	14.8	26.0	-10.4	16.1	WSW	27.2	1012.3	0	0.8	1.1	30
-40.5841	-64.994782	2.12.2020	1628	33.99	GPS	hembra	37.3	14.8	26.0	-10.4	16.1	WSW	27.2	1012.3	0	0.8	1.1	30
-40.584117	-64.994782	2.12.2020	1633	33.15	GPS	hembra	37.3	14.8	26.0	-10.4	16.1	WSW	27.2	1012.3	0	0.8	1.1	30
-40.584074	-64.994775	2.12.2020	1638	31.9	GPS	hembra	37.3	14.8	26.0	-10.4	16.1	WSW	27.2	1012.3	0	0.8	1.1	30
-40.584092	-64.994776	2.12.2020	1643	33.99	GPS	hembra	37.3	14.8	26.0	-10.4	16.1	WSW	27.2	1012.3	0	0.8	1.1	30
-40.584123999999996	-64.99478	2.12.2020	1648	35.1	GPS	hembra	37.3	14.8	26.0	-10.4	16.1	WSW	27.2	1012.3	0	0.8	1.1	30
-40.584145	-64.994783	2.12.2020	1653	33.77	GPS	hembra	37.3	14.8	26.0	-10.4	16.1	WSW	27.2	1012.3	0	0.8	1.1	30
-40.58417	-64.994813	2.12.2020	1658	34.01	GPS	hembra	37.3	14.8	26.0	-10.4	16.1	WSW	27.2	1012.3	0	0.8	1.1	30
-40.584152	-64.99482900000001	2.12.2020	1703	34.62	GPS	hembra	37.3	14.8	26.0	-7.8	19.0	SW	26.2	1012.4	0	0.9	1.1	30
-40.584107	-64.994764	2.12.2020	1708	35.14	GPS	hembra	37.3	14.8	26.0	-7.8	19.0	SW	26.2	1012.4	0	0.9	1.1	30
-40.584011	-64.994676	2.12.2020	1713	35.47	GPS	hembra	37.3	14.8	26.0	-7.8	19.0	SW	26.2	1012.4	0	0.9	1.1	30
-40.584024	-64.994724	2.12.2020	1718	34.56	GPS	hembra	37.3	14.8	26.0	-7.8	19.0	SW	26.2	1012.4	0	0.9	1.1	30
-40.584018	-64.994729	2.12.2020	1723	35.36	GPS	hembra	37.3	14.8	26.0	-7.8	19.0	SW	26.2	1012.4	0	0.9	1.1	30
-40.584063	-64.994738	2.12.2020	1729	36.14	GPS	hembra	37.3	14.8	26.0	-7.8	19.0	SW	26.2	1012.4	0	0.9	1.1	30
-40.584077	-64.994742	2.12.2020	1734	35.85	GPS	hembra	37.3	14.8	26.0	-7.8	19.0	SW	26.2	1012.4	0	0.9	1.1	30
-40.584102	-64.994737	2.12.2020	1739	36.55	GPS	hembra	37.3	14.8	26.0	-7.8	19.0	SW	26.2	1012.4	0	0.9	1.1	30
-40.584108	-64.994734	2.12.2020	1744	35.34	GPS	hembra	37.3	14.8	26.0	-7.8	19.0	SW	26.2	1012.4	0	0.9	1.1	30
-40.58416500000001	-64.99475699999999	2.12.2020	1749	34.79	GPS	hembra	37.3	14.8	26.0	-7.8	19.0	SW	26.2	1012.4	0	0.9	1.1	30
-40.584151	-64.99475799999999	2.12.2020	1754	34.11	GPS	hembra	37.3	14.8	26.0	-7.8	19.0	SW	26.2	1012.4	0	0.9	1.1	30
-40.58417	-64.99480600000001	2.12.2020	1759	33.85	GPS	hembra	37.3	14.8	26.0	-7.8	19.0	SW	26.2	1012.4	0	0.9	1.1	30
-40.584143	-64.99481	2.12.2020	1804	33.59	GPS	hembra	37.3	14.8	26.0	-5.7	21.3	SSW	25.1	1012.3	0	1.0	1.1	30
-40.584123999999996	-64.99476700000001	2.12.2020	1809	33.12	GPS	hembra	37.3	14.8	26.0	-5.7	21.3	SSW	25.1	1012.3	0	1.0	1.1	30
-40.584140999999995	-64.99476	2.12.2020	1814	33.67	GPS	hembra	37.3	14.8	26.0	-5.7	21.3	SSW	25.1	1012.3	0	1.0	1.1	30
-40.584125	-64.99475799999999	2.12.2020	1819	33.35	GPS	hembra	37.3	14.8	26.0	-5.7	21.3	SSW	25.1	1012.3	0	1.0	1.1	30
-40.584145	-64.994674	2.12.2020	1824	33.61	GPS	hembra	37.3	14.8	26.0	-5.7	21.3	SSW	25.1	1012.3	0	1.0	1.1	30
-40.584133	-64.99476700000001	2.12.2020	1830	39.74	GPS	hembra	37.3	14.8	26.0	-5.7	21.3	SSW	25.1	1012.3	0	1.0	1.1	30
-40.584148	-64.994733	2.12.2020	1834	42.9	GPS	hembra	37.3	14.8	26.0	-5.7	21.3	SSW	25.1	1012.3	0	1.0	1.1	30
-40.584113	-64.994681	2.12.2020	1839	45.75	GPS	hembra	37.3	14.8	26.0	-5.7	21.3	SSW	25.1	1012.3	0	1.0	1.1	30
-40.584109999999995	-64.994679	2.12.2020	1844	44.73	GPS	hembra	37.3	14.8	26.0	-5.7	21.3	SSW	25.1	1012.3	0	1.0	1.1	30
-40.5841	-64.994617	2.12.2020	1849	48.23	GPS	hembra	37.3	14.8	26.0	-5.7	21.3	SSW	25.1	1012.3	0	1.0	1.1	30
-40.584114	-64.994449	2.12.2020	1855	45.33	GPS	hembra	37.3	14.8	26.0	-5.7	21.3	SSW	25.1	1012.3	0	1.0	1.1	30
-40.584235	-64.994328	2.12.2020	1900	43.94	GPS	hembra	37.3	14.8	26.0	-3.5	23.9	S	24.2	1012.1	0	1.0	1.1	30
-40.584221	-64.994282	2.12.2020	1905	40.44	GPS	hembra	37.3	14.8	26.0	-3.5	23.9	S	24.2	1012.1	0	1.0	1.1	30
-40.584218	-64.994275	2.12.2020	1910	37.11	GPS	hembra	37.3	14.8	26.0	-3.5	23.9	S	24.2	1012.1	0	1.0	1.1	30
-40.584223	-64.99430100000001	2.12.2020	1915	35.11	GPS	hembra	37.3	14.8	26.0	-3.5	23.9	S	24.2	1012.1	0	1.0	1.1	30
-40.584216	-64.994288	2.12.2020	1920	33.99	GPS	hembra	37.3	14.8	26.0	-3.5	23.9	S	24.2	1012.1	0	1.0	1.1	30
-40.584238	-64.994353	2.12.2020	1925	33.23	GPS	hembra	37.3	14.8	26.0	-3.5	23.9	S	24.2	1012.1	0	1.0	1.1	30
-40.58423	-64.994298	2.12.2020	1930	32.92	GPS	hembra	37.3	14.8	26.0	-3.5	23.9	S	24.2	1012.1	0	1.0	1.1	30
-40.584224	-64.994283	2.12.2020	1935	32.93	GPS	hembra	37.3	14.8	26.0	-3.5	23.9	S	24.2	1012.1	0	1.0	1.1	30
-40.584207	-64.994277	2.12.2020	1940	33.09	GPS	hembra	37.3	14.8	26.0	-3.5	23.9	S	24.2	1012.1	0	1.0	1.1	30
-40.584227	-64.994281	2.12.2020	1945	32.96	GPS	hembra	37.3	14.8	26.0	-3.5	23.9	S	24.2	1012.1	0	1.0	1.1	30
-40.584236	-64.994302	2.12.2020	1950	32.81	GPS	hembra	37.3	14.8	26.0	-3.5	23.9	S	24.2	1012.1	0	1.0	1.1	30
-40.584238	-64.99430500000001	2.12.2020	1955	32.75	GPS	hembra	37.3	14.8	26.0	-3.5	23.9	S	24.2	1012.1	0	1.0	1.1	30
-40.584267	-64.99435799999999	2.12.2020	2000	32.39	GPS	hembra	37.3	14.8	26.0	-1.4	26.2	SSE	23.2	1011.9	0	1.0	1.1	30
-40.584222	-64.994274	2.12.2020	2005	32.35	GPS	hembra	37.3	14.8	26.0	-1.4	26.2	SSE	23.2	1011.9	0	1.0	1.1	30
-40.584203	-64.994274	2.12.2020	2010	32.29	GPS	hembra	37.3	14.8	26.0	-1.4	26.2	SSE	23.2	1011.9	0	1.0	1.1	30
-40.584243	-64.99434000000001	2.12.2020	2015	32.22	GPS	hembra	37.3	14.8	26.0	-1.4	26.2	SSE	23.2	1011.9	0	1.0	1.1	30
-40.584229	-64.994291	2.12.2020	2021	31.96	GPS	hembra	37.3	14.8	26.0	-1.4	26.2	SSE	23.2	1011.9	0	1.0	1.1	30
-40.584219	-64.994276	2.12.2020	2026	32.13	GPS	hembra	37.3	14.8	26.0	-1.4	26.2	SSE	23.2	1011.9	0	1.0	1.1	30
-40.584218	-64.994281	2.12.2020	2031	31.95	GPS	hembra	37.3	14.8	26.0	-1.4	26.2	SSE	23.2	1011.9	0	1.0	1.1	30
-40.584226	-64.994288	2.12.2020	2036	31.88	GPS	hembra	37.3	14.8	26.0	-1.4	26.2	SSE	23.2	1011.9	0	1.0	1.1	30
-40.584232	-64.9943	2.12.2020	2041	31.79	GPS	hembra	37.3	14.8	26.0	-1.4	26.2	SSE	23.2	1011.9	0	1.0	1.1	30
-40.584239000000004	-64.994332	2.12.2020	2046	31.83	GPS	hembra	37.3	14.8	26.0	-1.4	26.2	SSE	23.2	1011.9	0	1.0	1.1	30
-40.584184	-64.994249	2.12.2020	2051	31.78	GPS	hembra	37.3	14.8	26.0	-1.4	26.2	SSE	23.2	1011.9	0	1.0	1.1	30
-40.584167	-64.994231	2.12.2020	2056	32	GPS	hembra	37.3	14.8	26.0	-1.4	26.2	SSE	23.2	1011.9	0	1.0	1.1	30
-40.584196999999996	-64.994238	2.12.2020	2106	32.07	GPS	hembra	37.3	14.8	26.0	0.7	28.6	SSE	22.7	1011.6	0	1.0	1.1	30
-40.584193	-64.99423399999999	2.12.2020	2111	32.01	GPS	hembra	37.3	14.8	26.0	0.7	28.6	SSE	22.7	1011.6	0	1.0	1.1	30
-40.584199	-64.994241	2.12.2020	2116	31.74	GPS	hembra	37.3	14.8	26.0	0.7	28.6	SSE	22.7	1011.6	0	1.0	1.1	30
-40.584189	-64.99423399999999	2.12.2020	2121	31.78	GPS	hembra	37.3	14.8	26.0	0.7	28.6	SSE	22.7	1011.6	0	1.0	1.1	30
-40.58423300000001	-64.994322	2.12.2020	2126	31.56	GPS	hembra	37.3	14.8	26.0	0.7	28.6	SSE	22.7	1011.6	0	1.0	1.1	30
-40.584274	-64.994387	2.12.2020	2131	31.44	GPS	hembra	37.3	14.8	26.0	0.7	28.6	SSE	22.7	1011.6	0	1.0	1.1	30
-40.584122	-64.99412	2.12.2020	2137	31.3	GPS	hembra	37.3	14.8	26.0	0.7	28.6	SSE	22.7	1011.6	0	1.0	1.1	30
-40.584204	-64.994292	2.12.2020	2152	31.11	GPS	hembra	37.3	14.8	26.0	0.7	28.6	SSE	22.7	1011.6	0	1.0	1.1	30
-40.584203	-64.99429599999999	2.12.2020	2157	31.21	GPS	hembra	37.3	14.8	26.0	0.7	28.6	SSE	22.7	1011.6	0	1.0	1.1	30
-40.58423	-64.99427	2.12.2020	2200	*	yagui	hembra	35.3	14.8	17.4	2.9	31.7	SE	22.2	1011.4	0	1.0	1.1	30
-40.584210999999996	-64.994294	2.12.2020	2202	31.23	GPS	hembra	35.3	14.8	17.4	2.9	31.7	SE	22.2	1011.4	0	1.0	1.1	30
-40.584226	-64.994259	2.12.2020	2205	31.28	GPS	hembra	35.3	14.8	17.4	2.9	31.7	SE	22.2	1011.4	0	1.0	1.1	30
-40.58423	-64.99431	2.12.2020	2340	*	yagui	hembra	27.1	14.8	17.4	4.3	34.9	SE	22.2	1011.2	0	0.9	1.1	30
