lat	lon	date	time	tempIMU	metodologia	sexo	tempmax(C)	tempmin(C)	tempmed(C)	Temprocíomediadiaria(C)	Humedadrelativadiaria(%)	vientodir	viento(km/h)vel	Presionsobreniveldelmar(Hp)	Prec(mm)	NubesTotOct	NubbajOct	Vis(km)
-40.58471	-64.995325	29.11.2020	1308	25.5	GPS	hembra	31.0	10.8	20.9	2.4	24.7	SSW	25.2	1011.3	0	3.2	1.8	30
-40.584813	-64.995289	29.11.2020	1319	38.07	GPS	hembra	31.0	10.8	20.9	2.4	24.7	SSW	25.2	1011.3	0	3.2	1.8	30
-40.584781	-64.99539	29.11.2020	1329	51.39	GPS	hembra	31.0	10.8	20.9	2.4	24.7	SSW	25.2	1011.3	0	3.2	1.8	30
-40.584801	-64.99534	29.11.2020	1339	46.54	GPS	hembra	31.0	10.8	20.9	2.4	24.7	SSW	25.2	1011.3	0	3.2	1.8	30
-40.58482	-64.995334	29.11.2020	1349	42.41	GPS	hembra	31.0	10.8	20.9	2.4	24.7	SSW	25.2	1011.3	0	3.2	1.8	30
-40.584831	-64.995337	29.11.2020	1359	39.41	GPS	hembra	31.0	10.8	20.9	2.4	24.7	SSW	25.2	1011.3	0	3.2	1.8	30
-40.584838	-64.995325	29.11.2020	1410	40.79	GPS	hembra	31.0	10.8	20.9	2.0	24.9	SSW	26.1	1012.0	0	3.1	2	30
-40.584802	-64.995333	29.11.2020	1420	38.71	GPS	hembra	31.0	10.8	20.9	2.0	24.9	SSW	26.1	1012.0	0	3.1	2	30
-40.584816	-64.995333	29.11.2020	1430	41.4	GPS	hembra	31.0	10.8	20.9	2.0	24.9	SSW	26.1	1012.0	0	3.1	2	30
-40.584843	-64.995284	29.11.2020	1440	41.28	GPS	hembra	31.0	10.8	20.9	2.0	24.9	SSW	26.1	1012.0	0	3.1	2	30
-40.584846	-64.995286	29.11.2020	1450	32.14	GPS	hembra	31.0	10.8	20.9	2.0	24.9	SSW	26.1	1012.0	0	3.1	2	30
-40.584865	-64.995324	29.11.2020	1500	30.78	GPS	hembra	31.0	10.8	20.9	1.7	25.2	SSW	26.7	1012.7	0	2.8	2.1	30
-40.584897	-64.995307	29.11.2020	1510	31.39	GPS	hembra	31.0	10.8	20.9	1.7	25.2	SSW	26.7	1012.7	0	2.8	2.1	30
-40.58484	-64.99537600000001	29.11.2020	1521	31.8	GPS	hembra	31.0	10.8	20.9	1.7	25.2	SSW	26.7	1012.7	0	2.8	2.1	30
-40.584828	-64.99524	29.11.2020	1531	30.36	GPS	hembra	31.0	10.8	20.9	1.7	25.2	SSW	26.7	1012.7	0	2.8	2.1	30
-40.584843	-64.995236	29.11.2020	1541	29.39	GPS	hembra	31.0	10.8	20.9	1.7	25.2	SSW	26.7	1012.7	0	2.8	2.1	30
-40.584842	-64.99524	29.11.2020	1551	29.07	GPS	hembra	31.0	10.8	20.9	1.7	25.2	SSW	26.7	1012.7	0	2.8	2.1	30
-40.584853	-64.99534	29.11.2020	1601	29.56	GPS	hembra	31.0	10.8	20.9	1.5	25.7	SSW	26.7	1013.3	0	2.6	2.2	30
-40.584855	-64.99534399999999	29.11.2020	1611	30.83	GPS	hembra	31.0	10.8	20.9	1.5	25.7	SSW	26.7	1013.3	0	2.6	2.2	30
-40.584854	-64.995335	29.11.2020	1621	31.94	GPS	hembra	31.0	10.8	20.9	1.5	25.7	SSW	26.7	1013.3	0	2.6	2.2	30
-40.584846	-64.995397	29.11.2020	1632	31.5	GPS	hembra	31.0	10.8	20.9	1.5	25.7	SSW	26.7	1013.3	0	2.6	2.2	30
-40.584876	-64.995411	29.11.2020	1641	30.59	GPS	hembra	31.0	10.8	20.9	1.5	25.7	SSW	26.7	1013.3	0	2.6	2.2	30
-40.584839	-64.995338	29.11.2020	1652	31.23	GPS	hembra	31.0	10.8	20.9	1.5	25.7	SSW	26.7	1013.3	0	2.6	2.2	30
-40.584838	-64.9954	29.11.2020	1702	30.9	GPS	hembra	31.0	10.8	20.9	1.4	26.4	SSW	26.7	1014.1	0	2.5	2.3	30
-40.584845	-64.995341	29.11.2020	1712	31.99	GPS	hembra	31.0	10.8	20.9	1.4	26.4	SSW	26.7	1014.1	0	2.5	2.3	30
-40.584828	-64.995347	29.11.2020	1722	31.52	GPS	hembra	31.0	10.8	20.9	1.4	26.4	SSW	26.7	1014.1	0	2.5	2.3	30
-40.58487	-64.99535	29.11.2020	1728	*	yagui	hembra	31.0	10.8	20.9	1.4	26.4	SSW	26.7	1014.1	0	2.5	2.3	30
-40.584938	-64.995307	29.11.2020	1732	31.05	GPS	hembra	31.0	10.8	20.9	1.4	26.4	SSW	26.7	1014.1	0	2.5	2.3	30
-40.584818	-64.99531800000001	29.11.2020	1743	31.29	GPS	hembra	31.0	10.8	20.9	1.4	26.4	SSW	26.7	1014.1	0	2.5	2.3	30
-40.584795	-64.995337	29.11.2020	1752	30.42	GPS	hembra	31.0	10.8	20.9	1.4	26.4	SSW	26.7	1014.1	0	2.5	2.3	30
-40.584837	-64.99534	29.11.2020	1803	29.59	GPS	hembra	31.0	10.8	20.9	1.1	26.9	SSW	26.7	1014.8	0	2.2	2.5	30
-40.584753000000006	-64.99531999999999	29.11.2020	1813	29.89	GPS	hembra	31.0	10.8	20.9	1.1	26.9	SSW	26.7	1014.8	0	2.2	2.5	30
-40.585079	-64.995439	29.11.2020	1823	29.89	GPS	hembra	31.0	10.8	20.9	1.1	26.9	SSW	26.7	1014.8	0	2.2	2.5	30
-40.584829	-64.995329	29.11.2020	1833	31.98	GPS	hembra	31.0	10.8	20.9	1.1	26.9	SSW	26.7	1014.8	0	2.2	2.5	30
-40.584837	-64.995257	29.11.2020	1843	43.71	GPS	hembra	31.0	10.8	20.9	1.1	26.9	SSW	26.7	1014.8	0	2.2	2.5	30
-40.584844	-64.99521999999999	29.11.2020	1853	43.24	GPS	hembra	31.0	10.8	20.9	1.1	26.9	SSW	26.7	1014.8	0	2.2	2.5	30
-40.58488	-64.995177	29.11.2020	1903	41.82	GPS	hembra	31.0	10.8	20.9	0.6	27.0	S	27.4	1015.7	0	2.1	2.7	30
-40.584837	-64.99521800000001	29.11.2020	1913	42.2	GPS	hembra	31.0	10.8	20.9	0.6	27.0	S	27.4	1015.7	0	2.1	2.7	30
-40.584849	-64.99525600000001	29.11.2020	1923	41.98	GPS	hembra	31.0	10.8	20.9	0.6	27.0	S	27.4	1015.7	0	2.1	2.7	30
-40.584838	-64.995224	29.11.2020	1934	41.19	GPS	hembra	31.0	10.8	20.9	0.6	27.0	S	27.4	1015.7	0	2.1	2.7	30
-40.58484	-64.99521999999999	29.11.2020	1944	40.75	GPS	hembra	31.0	10.8	20.9	0.6	27.0	S	27.4	1015.7	0	2.1	2.7	30
-40.584829	-64.99521700000001	29.11.2020	1954	40.56	GPS	hembra	31.0	10.8	20.9	0.6	27.0	S	27.4	1015.7	0	2.1	2.7	30
-40.584861	-64.99506600000001	29.11.2020	2004	42.11	GPS	hembra	31.0	10.8	20.9	0.8	28.4	S	27.5	1016.6	0	1.9	3	30
-40.584978	-64.99486999999999	29.11.2020	2014	41.09	GPS	hembra	31.0	10.8	20.9	0.8	28.4	S	27.5	1016.6	0	1.9	3	30
-40.585142	-64.99472	29.11.2020	2024	39.97	GPS	hembra	31.0	10.8	20.9	0.8	28.4	S	27.5	1016.6	0	1.9	3	30
-40.585182	-64.994783	29.11.2020	2034	35.54	GPS	hembra	31.0	10.8	20.9	0.8	28.4	S	27.5	1016.6	0	1.9	3	30
-40.58515	-64.99473	29.11.2020	2043	*	yagui	hembra	31.0	10.8	20.9	0.8	28.4	S	27.5	1016.6	0	1.9	3	30
-40.585144	-64.99471899999999	29.11.2020	2044	33.4	GPS	hembra	31.0	10.8	20.9	0.8	28.4	S	27.5	1016.6	0	1.9	3	30
-40.58515300000001	-64.994727	29.11.2020	2054	32.51	GPS	hembra	31.0	10.8	20.9	0.8	28.4	S	27.5	1016.6	0	1.9	3	30
-40.58515	-64.99472	29.11.2020	2110	*	yagui	hembra	31.0	10.8	20.9	0.8	29.2	SSE	26.7	1017.5	0	1.6	3	30
-40.585103000000004	-64.994681	29.11.2020	2115	31.27	GPS	hembra	31.0	10.8	20.9	0.8	29.2	SSE	26.7	1017.5	0	1.6	3	30
