lat	lon	date	time	tempIMU	metodologia	sexo	tempmax(C)	tempmin(C)	tempmed(C)	Temprocíomediadiaria(C)	Humedadrelativadiaria(%)	vientodir	viento(km/h)vel	Presionsobreniveldelmar(Hp)	Prec(mm)	NubesTotOct	NubbajOct	Vis(km)
-40.58419	-64.99428	3.12.2020	1055	*	yagui	hembra	23.4	18.4	20.9	5.1	36.7	SE	22.2	1011.6	*	0.8	1.1	30
-40.5842	-64.99427	3.12.2020	1133	*	yagui	hembra	23.4	18.4	20.9	5.1	36.7	SE	22.2	1011.6	*	0.8	1.1	30.0 !El horario decía 33
-40.584267	-64.994176	3.12.2020	1139	21.88	GPS	hembra	23.4	18.4	20.9	5.1	36.7	SE	22.2	1011.6	*	0.8	1.1	30
-40.584212	-64.994226	3.12.2020	1143	22.19	GPS	hembra	23.4	18.4	20.9	5.1	36.7	SE	22.2	1011.6	*	0.8	1.1	30
-40.584226	-64.994225	3.12.2020	1148	21.74	GPS	hembra	23.4	18.4	20.9	5.1	36.7	SE	22.2	1011.6	0	0.8	1.1	30
-40.584164	-64.99425699999999	3.12.2020	1153	21.42	GPS	hembra	23.4	18.4	20.9	5.1	36.7	SE	22.2	1011.6	0	0.8	1.1	30
-40.584251	-64.994299	3.12.2020	1158	21.58	GPS	hembra	23.4	18.4	20.9	5.1	36.7	SE	22.2	1011.6	0	0.8	1.1	30
-40.584201	-64.994232	3.12.2020	1203	21.95	GPS	hembra	23.4	12.8	18.1	4.8	36.2	SE	23.0	1011.6	0	0.8	1	30
-40.584209	-64.994316	3.12.2020	1208	21.25	GPS	hembra	23.4	12.8	18.1	4.8	36.2	SE	23.0	1011.6	0	0.8	1	30
-40.584204	-64.994341	3.12.2020	1213	21.57	GPS	hembra	23.4	12.8	18.1	4.8	36.2	SE	23.0	1011.6	0	0.8	1	30
-40.584179	-64.994399	3.12.2020	1218	21.25	GPS	hembra	23.4	12.8	18.1	4.8	36.2	SE	23.0	1011.6	0	0.8	1	30
-40.58417100000001	-64.994381	3.12.2020	1223	21.69	GPS	hembra	23.4	12.8	18.1	4.8	36.2	SE	23.0	1011.6	0	0.8	1	30
-40.584219	-64.994336	3.12.2020	1228	22.77	GPS	hembra	23.4	12.8	18.1	4.8	36.2	SE	23.0	1011.6	0	0.8	1	30
-40.584252	-64.99426600000001	3.12.2020	1233	26.07	GPS	hembra	23.4	12.8	18.1	4.8	36.2	SE	23.0	1011.6	0	0.8	1	30
-40.584214	-64.994354	3.12.2020	1238	26.17	GPS	hembra	23.4	12.8	18.1	4.8	36.2	SE	23.0	1011.6	0	0.8	1	30
-40.584195	-64.994377	3.12.2020	1243	26.14	GPS	hembra	23.4	12.8	18.1	4.8	36.2	SE	23.0	1011.6	0	0.8	1	30
-40.584045	-64.99458	3.12.2020	1248	26.62	GPS	hembra	23.4	12.8	18.1	4.8	36.2	SE	23.0	1011.6	0	0.8	1	30
-40.584084999999995	-64.994445	3.12.2020	1254	27.01	GPS	hembra	23.4	12.8	18.1	4.8	36.2	SE	23.0	1011.6	0	0.8	1	30
-40.584102	-64.994399	3.12.2020	1259	30.15	GPS	hembra	23.4	12.8	18.1	4.8	36.2	SE	23.0	1011.6	0	0.8	1	30
-40.584092	-64.994465	3.12.2020	1304	31.83	GPS	hembra	23.4	12.8	18.1	4.4	35.6	SE	23.7	1011.7	0	0.8	1	30
-40.584106	-64.994378	3.12.2020	1309	32.15	GPS	hembra	23.4	12.8	18.1	4.4	35.6	SE	23.7	1011.7	0	0.8	1	30
-40.584081	-64.994488	3.12.2020	1314	32.56	GPS	hembra	23.4	12.8	18.1	4.4	35.6	SE	23.7	1011.7	0	0.8	1	30
-40.584086	-64.99437900000001	3.12.2020	1319	32.32	GPS	hembra	23.4	12.8	18.1	4.4	35.6	SE	23.7	1011.7	0	0.8	1	30
-40.584083	-64.994376	3.12.2020	1324	32.95	GPS	hembra	23.4	12.8	18.1	4.4	35.6	SE	23.7	1011.7	0	0.8	1	30
-40.584082	-64.99444	3.12.2020	1329	33.28	GPS	hembra	23.4	12.8	18.1	4.4	35.6	SE	23.7	1011.7	0	0.8	1	30
-40.584077	-64.994452	3.12.2020	1334	33.79	GPS	hembra	23.4	12.8	18.1	4.4	35.6	SE	23.7	1011.7	0	0.8	1	30
-40.584074	-64.99445	3.12.2020	1349	35.48	GPS	hembra	23.4	12.8	18.1	4.4	35.6	SE	23.7	1011.7	0	0.8	1	30
-40.584088	-64.994476	3.12.2020	1354	36.01	GPS	hembra	23.4	12.8	18.1	4.4	35.6	SE	23.7	1011.7	0	0.8	1	30
-40.584055	-64.99450999999999	3.12.2020	1400	36.4	GPS	hembra	23.4	12.8	18.1	3.9	34.8	SE	24.5	1011.9	0	0.9	1	30
-40.583998	-64.994578	3.12.2020	1404	35.75	GPS	hembra	23.4	12.8	18.1	3.9	34.8	SE	24.5	1011.9	0	0.9	1	30
-40.583908	-64.994649	3.12.2020	1409	36.25	GPS	hembra	23.4	12.8	18.1	3.9	34.8	SE	24.5	1011.9	0	0.9	1	30
-40.583878999999996	-64.994701	3.12.2020	1414	37.17	GPS	hembra	23.4	12.8	18.1	3.9	34.8	SE	24.5	1011.9	0	0.9	1	30
-40.583827	-64.99475	3.12.2020	1420	36.88	GPS	hembra	23.4	12.8	18.1	3.9	34.8	SE	24.5	1011.9	0	0.9	1	30
-40.583816	-64.994778	3.12.2020	1424	40.12	GPS	hembra	23.4	12.8	18.1	3.9	34.8	SE	24.5	1011.9	0	0.9	1	30
-40.583771	-64.99479699999999	3.12.2020	1430	41.52	GPS	hembra	23.4	12.8	18.1	3.9	34.8	SE	24.5	1011.9	0	0.9	1	30
-40.583785	-64.994812	3.12.2020	1435	39.3	GPS	hembra	23.4	12.8	18.1	3.9	34.8	SE	24.5	1011.9	0	0.9	1	30
-40.583774	-64.994831	3.12.2020	1440	37.77	GPS	hembra	23.4	12.8	18.1	3.9	34.8	SE	24.5	1011.9	0	0.9	1	30
-40.583754	-64.99481800000001	3.12.2020	1445	40.94	GPS	hembra	23.4	12.8	18.1	3.9	34.8	SE	24.5	1011.9	0	0.9	1	30
-40.583704	-64.99489	3.12.2020	1450	38.8	GPS	hembra	23.4	12.8	18.1	3.9	34.8	SE	24.5	1011.9	0	0.9	1	30
-40.583639	-64.994912	3.12.2020	1455	41.08	GPS	hembra	23.4	12.8	18.1	3.9	34.8	SE	24.5	1011.9	0	0.9	1	30
-40.58363	-64.994956	3.12.2020	1500	42.78	GPS	hembra	23.4	12.8	18.1	3.7	34.5	SE	24.9	1012.1	0	0.9	1	30
-40.583542	-64.995135	3.12.2020	1505	42.65	GPS	hembra	23.4	12.8	18.1	3.7	34.5	SE	24.9	1012.1	0	0.9	1	30
-40.583446	-64.994969	3.12.2020	1510	44.66	GPS	hembra	23.4	12.8	18.1	3.7	34.5	SE	24.9	1012.1	0	0.9	1	30
-40.583283	-64.99502199999999	3.12.2020	1520	40.37	GPS	hembra	23.4	12.8	18.1	3.7	34.5	SE	24.9	1012.1	0	0.9	1	30
-40.583288	-64.995017	3.12.2020	1525	35.79	GPS	hembra	23.4	12.8	18.1	3.7	34.5	SE	24.9	1012.1	0	0.9	1	30
-40.583015	-64.99516899999999	3.12.2020	1532	38.81	GPS	hembra	23.4	12.8	18.1	3.7	34.5	SE	24.9	1012.1	0	0.9	1	30
-40.583202	-64.995048	3.12.2020	1540	33.32	GPS	hembra	23.4	12.8	18.1	3.7	34.5	SE	24.9	1012.1	0	0.9	1	30
-40.5832	-64.99505500000001	3.12.2020	1551	31.08	GPS	hembra	23.4	12.8	18.1	3.7	34.5	SE	24.9	1012.1	0	0.9	1	30
-40.583208	-64.995056	3.12.2020	1556	30.38	GPS	hembra	23.4	12.8	18.1	3.7	34.5	SE	24.9	1012.1	0	0.9	1	30
-40.583221	-64.99505400000001	3.12.2020	1601	30.03	GPS	hembra	23.4	12.8	18.1	3.7	34.7	SE	25.5	1012.3	0	0.9	0.9	30
-40.583223	-64.99505500000001	3.12.2020	1606	29.6	GPS	hembra	23.4	12.8	18.1	3.7	34.7	SE	25.5	1012.3	0	0.9	0.9	30
-40.58318	-64.995068	3.12.2020	1611	29.55	GPS	hembra	23.4	12.8	18.1	3.7	34.7	SE	25.5	1012.3	0	0.9	0.9	30
-40.58321	-64.995071	3.12.2020	1616	29.11	GPS	hembra	23.4	12.8	18.1	3.7	34.7	SE	25.5	1012.3	0	0.9	0.9	30
-40.583286	-64.995016	3.12.2020	1621	29.54	GPS	hembra	23.4	12.8	18.1	3.7	34.7	SE	25.5	1012.3	0	0.9	0.9	30
-40.5832	-64.995068	3.12.2020	1626	29.34	GPS	hembra	23.4	12.8	18.1	3.7	34.7	SE	25.5	1012.3	0	0.9	0.9	30
-40.583184	-64.995069	3.12.2020	1631	29.77	GPS	hembra	23.4	12.8	18.1	3.7	34.7	SE	25.5	1012.3	0	0.9	0.9	30
-40.583298	-64.99510699999999	3.12.2020	1641	29.94	GPS	hembra	23.4	12.8	18.1	3.7	34.7	SE	25.5	1012.3	0	0.9	0.9	30
-40.583191	-64.995077	3.12.2020	1646	29.88	GPS	hembra	23.4	12.8	18.1	3.7	34.7	SE	25.5	1012.3	0	0.9	0.9	30
-40.583216	-64.995097	3.12.2020	1651	29.88	GPS	hembra	23.4	12.8	18.1	3.7	34.7	SE	25.5	1012.3	0	0.9	0.9	30
-40.583256	-64.995131	3.12.2020	1656	30.41	GPS	hembra	23.4	12.8	18.1	3.7	34.7	SE	25.5	1012.3	0	0.9	0.9	30
-40.583205	-64.995053	3.12.2020	1702	30.15	GPS	hembra	23.4	12.8	18.1	3.4	34.2	SE	26.1	1012.6	0	0.8	0.9	30
-40.583208	-64.995051	3.12.2020	1707	30.3	GPS	hembra	23.4	12.8	18.1	3.4	34.2	SE	26.1	1012.6	0	0.8	0.9	30
-40.583206	-64.995063	3.12.2020	1712	30.61	GPS	hembra	23.4	12.8	18.1	3.4	34.2	SE	26.1	1012.6	0	0.8	0.9	30
-40.583208	-64.99506	3.12.2020	1717	30.88	GPS	hembra	23.4	12.8	18.1	3.4	34.2	SE	26.1	1012.6	0	0.8	0.9	30
-40.583205	-64.99505400000001	3.12.2020	1722	30.7	GPS	hembra	23.4	12.8	18.1	3.4	34.2	SE	26.1	1012.6	0	0.8	0.9	30
-40.583211	-64.99505699999999	3.12.2020	1727	29.62	GPS	hembra	23.4	12.8	18.1	3.4	34.2	SE	26.1	1012.6	0	0.8	0.9	30
-40.583209000000004	-64.995048	3.12.2020	1732	29.64	GPS	hembra	23.4	12.8	18.1	3.4	34.2	SE	26.1	1012.6	0	0.8	0.9	30
-40.583151	-64.995036	3.12.2020	1737	29.39	GPS	hembra	23.4	12.8	18.1	3.4	34.2	SE	26.1	1012.6	0	0.8	0.9	30
-40.583177	-64.99507	3.12.2020	1742	28.96	GPS	hembra	23.4	12.8	18.1	3.4	34.2	SE	26.1	1012.6	0	0.8	0.9	30
-40.583263	-64.995062	3.12.2020	1747	29.15	GPS	hembra	23.4	12.8	18.1	3.4	34.2	SE	26.1	1012.6	0	0.8	0.9	30
-40.583252	-64.99506600000001	3.12.2020	1752	29.27	GPS	hembra	23.4	12.8	18.1	3.4	34.2	SE	26.1	1012.6	0	0.8	0.9	30
-40.58328	-64.995074	3.12.2020	1757	29.37	GPS	hembra	23.4	12.8	18.1	3.4	34.2	SE	26.1	1012.6	0	0.8	0.9	30
-40.583331	-64.995103	3.12.2020	1802	29.2	GPS	hembra	23.4	12.8	18.1	3.3	34.5	SE	26.1	1012.9	0	0.8	0.9	30
-40.583203999999995	-64.995065	3.12.2020	1807	28.9	GPS	hembra	23.4	12.8	18.1	3.3	34.5	SE	26.1	1012.9	0	0.8	0.9	30
-40.583209000000004	-64.99505	3.12.2020	1813	28.64	GPS	hembra	23.4	12.8	18.1	3.3	34.5	SE	26.1	1012.9	0	0.8	0.9	30
-40.583215	-64.99503399999999	3.12.2020	1817	28.67	GPS	hembra	23.4	12.8	18.1	3.3	34.5	SE	26.1	1012.9	0	0.8	0.9	30
-40.583182	-64.995016	3.12.2020	1823	28.34	GPS	hembra	23.4	12.8	18.1	3.3	34.5	SE	26.1	1012.9	0	0.8	0.9	30
-40.583157	-64.995039	3.12.2020	1828	28.29	GPS	hembra	23.4	12.8	18.1	3.3	34.5	SE	26.1	1012.9	0	0.8	0.9	30
-40.583213	-64.995025	3.12.2020	1833	28.49	GPS	hembra	23.4	12.8	18.1	3.3	34.5	SE	26.1	1012.9	0	0.8	0.9	30
-40.583186	-64.99503	3.12.2020	1838	28.45	GPS	hembra	23.4	12.8	18.1	3.3	34.5	SE	26.1	1012.9	0	0.8	0.9	30
-40.583199	-64.99503299999999	3.12.2020	1843	28.35	GPS	hembra	23.4	12.8	18.1	3.3	34.5	SE	26.1	1012.9	0	0.8	0.9	30
-40.583192	-64.995011	3.12.2020	1848	28.37	GPS	hembra	23.4	12.8	18.1	3.3	34.5	SE	26.1	1012.9	0	0.8	0.9	30
-40.583175	-64.99501500000001	3.12.2020	1853	28.16	GPS	hembra	23.4	12.8	18.1	3.3	34.5	SE	26.1	1012.9	0	0.8	0.9	30
-40.583177	-64.995024	3.12.2020	1858	27.79	GPS	hembra	23.4	12.8	18.1	3.3	34.5	SE	26.1	1012.9	0	0.8	0.9	30
-40.583191	-64.995006	3.12.2020	1903	27.9	GPS	hembra	23.4	12.8	18.1	3.0	34.3	SE	26.1	1013.4	0	0.7	0.9	30
-40.583218	-64.99503100000001	3.12.2020	1908	27.57	GPS	hembra	23.4	12.8	18.1	3.0	34.3	SE	26.1	1013.4	0	0.7	0.9	30
-40.583196	-64.99503100000001	3.12.2020	1913	27.64	GPS	hembra	23.4	12.8	18.1	3.0	34.3	SE	26.1	1013.4	0	0.7	0.9	30
-40.583132	-64.995048	3.12.2020	1918	27.41	GPS	hembra	23.4	12.8	18.1	3.0	34.3	SE	26.1	1013.4	0	0.7	0.9	30
-40.583211999999996	-64.995025	3.12.2020	1924	27.2	GPS	hembra	23.4	12.8	18.1	3.0	34.3	SE	26.1	1013.4	0	0.7	0.9	30
-40.583159	-64.99503399999999	3.12.2020	1928	27.48	GPS	hembra	23.4	12.8	18.1	3.0	34.3	SE	26.1	1013.4	0	0.7	0.9	30
-40.583216	-64.995026	3.12.2020	1933	27.4	GPS	hembra	23.4	12.8	18.1	3.0	34.3	SE	26.1	1013.4	0	0.7	0.9	30
-40.583206	-64.995058	3.12.2020	1938	27.2	GPS	hembra	23.4	12.8	18.1	3.0	34.3	SE	26.1	1013.4	0	0.7	0.9	30
-40.58321	-64.99501	3.12.2020	1943	27.18	GPS	hembra	23.4	12.8	18.1	3.0	34.3	SE	26.1	1013.4	0	0.7	0.9	30
-40.58321	-64.99503399999999	3.12.2020	1949	26.93	GPS	hembra	23.4	12.8	18.1	3.0	34.3	SE	26.1	1013.4	0	0.7	0.9	30
-40.58321	-64.995023	3.12.2020	1954	26.91	GPS	hembra	23.4	12.8	18.1	3.0	34.3	SE	26.1	1013.4	0	0.7	0.9	30
-40.583211	-64.995025	3.12.2020	1959	26.74	GPS	hembra	23.4	12.8	18.1	3.0	34.3	SE	26.1	1013.4	0	0.7	0.9	30
-40.58317	-64.995012	3.12.2020	2004	26.76	GPS	hembra	23.4	12.8	18.1	2.7	34.0	SE	25.4	1013.9	0	0.6	0.9	30
-40.583239	-64.995053	3.12.2020	2009	26.64	GPS	hembra	23.4	12.8	18.1	2.7	34.0	SE	25.4	1013.9	0	0.6	0.9	30
-40.583278	-64.99508900000001	3.12.2020	2014	26.55	GPS	hembra	23.4	12.8	18.1	2.7	34.0	SE	25.4	1013.9	0	0.6	0.9	30
-40.583224	-64.99502	3.12.2020	2019	26.74	GPS	hembra	23.4	12.8	18.1	2.7	34.0	SE	25.4	1013.9	0	0.6	0.9	30
-40.58303	-64.99517800000001	3.12.2020	2024	26.31	GPS	hembra	23.4	12.8	18.1	2.7	34.0	SE	25.4	1013.9	0	0.6	0.9	30
-40.583254	-64.995076	3.12.2020	2029	26.1	GPS	hembra	23.4	12.8	18.1	2.7	34.0	SE	25.4	1013.9	0	0.6	0.9	30
-40.583185	-64.99517	3.12.2020	2034	26.16	GPS	hembra	23.4	12.8	18.1	2.7	34.0	SE	25.4	1013.9	0	0.6	0.9	30
-40.583403000000004	-64.995202	3.12.2020	2039	26.15	GPS	hembra	23.4	12.8	18.1	2.7	34.0	SE	25.4	1013.9	0	0.6	0.9	30
-40.58325900000001	-64.99508	3.12.2020	2050	25.78	GPS	hembra	23.4	12.8	18.1	2.7	34.0	SE	25.4	1013.9	0	0.6	0.9	30
-40.583224	-64.995058	3.12.2020	2055	25.82	GPS	hembra	23.4	12.8	18.1	2.7	34.0	SE	25.4	1013.9	0	0.6	0.9	30
-40.583246	-64.995058	3.12.2020	2100	25.65	GPS	hembra	23.4	12.8	18.1	2.6	34.5	SE	25.4	1014.6	0	0.5	0.8	30
-40.583073	-64.995006	3.12.2020	2105	25.34	GPS	hembra	23.4	12.8	18.1	2.6	34.5	SE	25.4	1014.6	0	0.5	0.8	30
-40.583252	-64.995008	3.12.2020	2111	25.47	GPS	hembra	23.4	12.8	18.1	2.6	34.5	SE	25.4	1014.6	0	0.5	0.8	30
-40.583164000000004	-64.995098	3.12.2020	2116	25.65	GPS	hembra	23.4	12.8	18.1	2.6	34.5	SE	25.4	1014.6	0	0.5	0.8	30
-40.583179	-64.995035	3.12.2020	2121	25.69	GPS	hembra	23.4	12.8	18.1	2.6	34.5	SE	25.4	1014.6	0	0.5	0.8	30
-40.583227	-64.99504499999999	3.12.2020	2126	25.71	GPS	hembra	23.4	12.8	18.1	2.6	34.5	SE	25.4	1014.6	0	0.5	0.8	30
-40.583193	-64.995073	3.12.2020	2131	25.32	GPS	hembra	23.4	12.8	18.1	2.6	34.5	SE	25.4	1014.6	0	0.5	0.8	30
-40.583196	-64.995053	3.12.2020	2138	26.03	GPS	hembra	23.4	12.8	18.1	2.6	34.5	SE	25.4	1014.6	0	0.5	0.8	30
-40.583182	-64.995038	3.12.2020	2142	26.16	GPS	hembra	23.4	12.8	18.1	2.6	34.5	SE	25.4	1014.6	0	0.5	0.8	30
-40.583253000000006	-64.995006	3.12.2020	2147	25.34	GPS	hembra	23.4	12.8	18.1	2.6	34.5	SE	25.4	1014.6	0	0.5	0.8	30
-40.583218	-64.995017	3.12.2020	2156	26.53	GPS	hembra	23.4	12.8	18.1	2.6	34.5	SE	25.4	1014.6	0	0.5	0.8	30
-40.583133000000004	-64.995023	3.12.2020	2220	27.03	GPS	hembra	21.4	12.8	16.3	2.0	33.7	SE	26.2	1015.4	0	0.5	0.8	30
-40.583178000000004	-64.99502	3.12.2020	2220	26.94	GPS	hembra	21.4	12.8	16.3	2.0	33.7	SE	26.2	1015.4	0	0.5	0.8	30
