lat	lon	date	time	tempIMU	metodologia	sexo	tempmax(C)	tempmin(C)	tempmed(C)	Temprocíomediadiaria(C)	Humedadrelativadiaria(%)	vientodir	viento(km/h)vel	Presionsobreniveldelmar(Hp)	Prec(mm)	NubesTotOct	NubbajOct	Vis(km)
-40.585238000000004	-64.99466600000001	30.11.2020	1124	22.15	GPS	hembra	20.2	15.2	17.7	-0.8	27.6	SE	20.2	1020.1	*	0.2	0.5	30
-40.585214	-64.994664	30.11.2020	1134	21.31	GPS	hembra	20.2	15.2	17.7	-0.8	27.6	SE	20.2	1020.1	*	0.2	0.5	30
-40.585203	-64.994653	30.11.2020	1145	21.44	GPS	hembra	20.2	15.2	17.7	-0.8	27.6	SE	20.2	1020.1	*	0.2	0.5	30
-40.585195	-64.994647	30.11.2020	1155	25.01	GPS	hembra	20.2	15.2	17.7	-0.8	27.6	SE	20.2	1020.1	*	0.2	0.5	30
-40.585198999999996	-64.99466	30.11.2020	1205	28.37	GPS	hembra	20.3	7.0	13.7	-1.0	26.7	ESE	20.8	1020.1	0	0.1	*	30
-40.585203	-64.994662	30.11.2020	1215	29.52	GPS	hembra	20.3	7.0	13.7	-1.0	26.7	ESE	20.8	1020.1	0	0.1	*	30
-40.585184999999996	-64.994648	30.11.2020	1225	31.62	GPS	hembra	20.3	7.0	13.7	-1.0	26.7	ESE	20.8	1020.1	0	0.1	*	30
-40.585190000000004	-64.994647	30.11.2020	1235	32.29	GPS	hembra	20.3	7.0	13.7	-1.0	26.7	ESE	20.8	1020.1	0	0.1	*	30
-40.58517	-64.99466899999999	30.11.2020	1246	31.68	GPS	hembra	20.3	7.0	13.7	-1.0	26.7	ESE	20.8	1020.1	0	0.1	*	30
-40.585192	-64.99466	30.11.2020	1256	31.49	GPS	hembra	20.3	7.0	13.7	-1.0	26.7	ESE	20.8	1020.1	0	0.1	*	30
-40.585196999999994	-64.994658	30.11.2020	1306	32.01	GPS	hembra	21.2	7.0	13.7	-1.1	26.0	ESE	21.7	1020.1	0	0.0	*	30
-40.58521	-64.99464	30.11.2020	1308	*	yagui	hembra	21.2	7.0	13.7	-1.1	26.0	ESE	21.7	1020.1	0	0.0	*	30
-40.5852	-64.99465699999999	30.11.2020	1316	32.61	GPS	hembra	21.2	7.0	13.7	-1.1	26.0	ESE	21.7	1020.1	0	0.0	*	30
-40.585194	-64.994644	30.11.2020	1326	34.02	GPS	hembra	21.2	7.0	13.7	-1.1	26.0	ESE	21.7	1020.1	0	0.0	*	30
-40.585203	-64.99463	30.11.2020	1336	35.85	GPS	hembra	21.2	7.0	13.7	-1.1	26.0	ESE	21.7	1020.1	0	0.0	*	30
-40.585190000000004	-64.99463	30.11.2020	1346	35.74	GPS	hembra	21.2	7.0	13.7	-1.1	26.0	ESE	21.7	1020.1	0	0.0	*	30
-40.5852	-64.99464499999999	30.11.2020	1356	38.2	GPS	hembra	21.2	7.0	13.7	-1.1	26.0	ESE	21.7	1020.1	0	0.0	*	30
-40.585293	-64.994658	30.11.2020	1407	45.54	GPS	hembra	22.7	7.0	13.7	-1.1	25.5	ENE	22.7	1020.0	0	0.0	*	30
-40.585338	-64.994752	30.11.2020	1417	44.73	GPS	hembra	22.7	7.0	13.7	-1.1	25.5	ENE	22.7	1020.0	0	0.0	*	30
-40.585392999999996	-64.994916	30.11.2020	1427	46.42	GPS	hembra	22.7	7.0	13.7	-1.1	25.5	ENE	22.7	1020.0	0	0.0	*	30
-40.585402	-64.994929	30.11.2020	1437	38.79	GPS	hembra	22.7	7.0	13.7	-1.1	25.5	ENE	22.7	1020.0	0	0.0	*	30
-40.585399	-64.994937	30.11.2020	1447	37.2	GPS	hembra	22.7	7.0	13.7	-1.1	25.5	ENE	22.7	1020.0	0	0.0	*	30
-40.585477000000004	-64.994982	30.11.2020	1457	45.8	GPS	hembra	22.7	7.0	13.7	-1.1	25.5	ENE	22.7	1020.0	0	0.0	*	30
-40.585496	-64.995151	30.11.2020	1507	46.95	GPS	hembra	26.3	7.0	13.7	-1.3	24.6	NE	24.1	1020.0	0	0.0	*	30
-40.585615000000004	-64.995257	30.11.2020	1517	46.43	GPS	hembra	26.3	7.0	13.7	-1.3	24.6	NE	24.1	1020.0	0	0.0	*	30
-40.585724	-64.99534	30.11.2020	1527	46.74	GPS	hembra	26.3	7.0	13.7	-1.3	24.6	NE	24.1	1020.0	0	0.0	*	30
-40.585736	-64.995413	30.11.2020	1537	39.73	GPS	hembra	26.3	7.0	13.7	-1.3	24.6	NE	24.1	1020.0	0	0.0	*	30
-40.585752	-64.995411	30.11.2020	1548	37.15	GPS	hembra	26.3	7.0	13.7	-1.3	24.6	NE	24.1	1020.0	0	0.0	*	30
-40.585782	-64.995393	30.11.2020	1558	36.31	GPS	hembra	26.3	7.0	13.7	-1.3	24.6	NE	24.1	1020.0	0	0.0	*	30
-40.585763	-64.995398	30.11.2020	1608	36.09	GPS	hembra	27.4	7.0	13.7	-1.6	23.4	NNE	26.2	1019.9	0	0.0	*	30
-40.585781	-64.995397	30.11.2020	1618	35.89	GPS	hembra	27.4	7.0	13.7	-1.6	23.4	NNE	26.2	1019.9	0	0.0	*	30
-40.585739000000004	-64.99538299999999	30.11.2020	1628	36.39	GPS	hembra	27.4	7.0	13.7	-1.6	23.4	NNE	26.2	1019.9	0	0.0	*	30
-40.58573	-64.995387	30.11.2020	1638	36.74	GPS	hembra	27.4	7.0	13.7	-1.6	23.4	NNE	26.2	1019.9	0	0.0	*	30
-40.585736	-64.99538299999999	30.11.2020	1648	38.09	GPS	hembra	27.4	7.0	13.7	-1.6	23.4	NNE	26.2	1019.9	0	0.0	*	30
-40.585734	-64.995393	30.11.2020	1658	38.85	GPS	hembra	27.4	7.0	13.7	-1.6	23.4	NNE	26.2	1019.9	0	0.0	*	30
-40.585727	-64.99539399999999	30.11.2020	1709	38.56	GPS	hembra	29.8	7.0	13.7	-2.0	22.0	N	27.5	1019.9	0	0.0	*	30
-40.58573	-64.995409	30.11.2020	1719	37.9	GPS	hembra	29.8	7.0	13.7	-2.0	22.0	N	27.5	1019.9	0	0.0	*	30
-40.585761	-64.99539	30.11.2020	1729	37.17	GPS	hembra	29.8	7.0	13.7	-2.0	22.0	N	27.5	1019.9	0	0.0	*	30
-40.585769	-64.995395	30.11.2020	1739	36.63	GPS	hembra	29.8	7.0	13.7	-2.0	22.0	N	27.5	1019.9	0	0.0	*	30
-40.58575	-64.99540999999999	30.11.2020	1739	*	yagui	hembra	29.8	7.0	13.7	-2.0	22.0	N	27.5	1019.9	0	0.0	*	30
-40.585758	-64.99539	30.11.2020	1749	36.65	GPS	hembra	29.8	7.0	13.7	-2.0	22.0	N	27.5	1019.9	0	0.0	*	30
-40.585723	-64.995355	30.11.2020	1809	37.23	GPS	hembra	30.1	7.0	13.7	-2.8	20.2	NNW	28.8	1019.9	0	0.0	*	30
-40.585682	-64.995328	30.11.2020	1819	36.64	GPS	hembra	30.1	7.0	13.7	-2.8	20.2	NNW	28.8	1019.9	0	0.0	*	30
-40.585714	-64.995361	30.11.2020	1829	36.43	GPS	hembra	30.1	7.0	13.7	-2.8	20.2	NNW	28.8	1019.9	0	0.0	*	30
-40.585741999999996	-64.995391	30.11.2020	1840	36.71	GPS	hembra	30.1	7.0	13.7	-2.8	20.2	NNW	28.8	1019.9	0	0.0	*	30
-40.585737	-64.99538299999999	30.11.2020	1850	37.13	GPS	hembra	30.1	7.0	13.7	-2.8	20.2	NNW	28.8	1019.9	0	0.0	*	30
-40.585741	-64.995393	30.11.2020	1900	36.76	GPS	hembra	32.0	7.0	13.7	-3.8	18.2	NNW	29.8	1020.0	0	0.0	*	30
-40.585737	-64.99539399999999	30.11.2020	1910	36.77	GPS	hembra	32.0	7.0	13.7	-3.8	18.2	NNW	29.8	1020.0	0	0.0	*	30
-40.585739000000004	-64.99538299999999	30.11.2020	1920	36.89	GPS	hembra	32.0	7.0	13.7	-3.8	18.2	NNW	29.8	1020.0	0	0.0	*	30
-40.585741	-64.99538299999999	30.11.2020	1930	37.11	GPS	hembra	32.0	7.0	13.7	-3.8	18.2	NNW	29.8	1020.0	0	0.0	*	30
-40.585736	-64.99539	30.11.2020	1940	36.74	GPS	hembra	32.0	7.0	13.7	-3.8	18.2	NNW	29.8	1020.0	0	0.0	*	30
-40.58574	-64.995396	30.11.2020	1950	36.32	GPS	hembra	32.0	7.0	13.7	-3.8	18.2	NNW	29.8	1020.0	0	0.0	*	30
-40.585739000000004	-64.995378	30.11.2020	2001	35.99	GPS	hembra	32.5	7.0	13.7	-4.7	16.3	NNW	30.4	1020.1	0	0.1	*	30
-40.585739000000004	-64.995387	30.11.2020	2011	35.49	GPS	hembra	32.5	7.0	13.7	-4.7	16.3	NNW	30.4	1020.1	0	0.1	*	30
-40.58574	-64.995375	30.11.2020	2021	35.16	GPS	hembra	32.5	7.0	13.7	-4.7	16.3	NNW	30.4	1020.1	0	0.1	*	30
-40.585739000000004	-64.995373	30.11.2020	2031	34.98	GPS	hembra	32.5	7.0	13.7	-4.7	16.3	NNW	30.4	1020.1	0	0.1	*	30
-40.58575	-64.995369	30.11.2020	2041	34.73	GPS	hembra	32.5	7.0	13.7	-4.7	16.3	NNW	30.4	1020.1	0	0.1	*	30
-40.585763	-64.99539	30.11.2020	2101	34.06	GPS	hembra	32.7	7.0	13.7	-5.4	14.9	NW	31.4	1020.2	0	0.2	0	30
-40.585788	-64.995429	30.11.2020	2111	34	GPS	hembra	32.7	7.0	13.7	-5.4	14.9	NW	31.4	1020.2	0	0.2	0	30
-40.585565	-64.994984	30.11.2020	2152	33.22	GPS	hembra	32.7	7.0	13.7	-5.4	14.9	NW	31.4	1020.2	0	0.2	0	30
-40.58574	-64.99539	30.11.2020	2200	*	yagui	hembra	32.7	7.0	13.7	-6.3	13.4	NW	32.6	1020.4	0	0.2	0	30
-40.585738	-64.99539	30.11.2020	2202	33.01	GPS	hembra	32.7	7.0	13.7	-6.3	13.4	NW	32.6	1020.4	0	0.2	0	30
-40.58512	-64.99743000000001	30.11.2020	2202	*	yagui	hembra	32.7	7.0	13.7	-6.3	13.4	NW	32.6	1020.4	0	0.2	0	30
-40.58573	-64.9954	30.11.2020	2231	*	yagui	hembra	32.7	7.0	13.7	-6.3	13.4	NW	32.6	1020.4	0	0.2	0	30
