lat	lon	date	time	tempIMU	metodologia	sexo	tempmax(C)	tempmin(C)	tempmed(C)	Temprocíomediadiaria(C)	Humedadrelativadiaria(%)	vientodir	viento(km/h)vel	Presionsobreniveldelmar(Hp)	Prec(mm)	NubesTotOct	NubbajOct	Vis(km)
-40.58572	-64.9955	1.12.2020	1119	*	yagui	hembra	34.0	18.5	26.2	-7.4	10.3	NW	33.9	1015.0	*	0.6	0.2	30
-40.585693	-64.995515	1.12.2020	1125	29.92	GPS	hembra	34.0	18.5	26.2	-7.4	10.3	NW	33.9	1015.0	*	0.6	0.2	30
-40.585738	-64.995473	1.12.2020	1130	33.78	GPS	hembra	34.0	18.5	26.2	-7.4	10.3	NW	33.9	1015.0	*	0.6	0.2	30
-40.585677000000004	-64.995558	1.12.2020	1135	33.27	GPS	hembra	34.0	18.5	26.2	-7.4	10.3	NW	33.9	1015.0	*	0.6	0.2	30
-40.585659	-64.995623	1.12.2020	1141	33.45	GPS	hembra	34.0	18.5	26.2	-7.4	10.3	NW	33.9	1015.0	*	0.6	0.2	30
-40.585643	-64.99561800000001	1.12.2020	1146	35.34	GPS	hembra	34.0	18.5	26.2	-7.4	10.3	NW	33.9	1015.0	*	0.6	0.2	30
-40.585646999999994	-64.99561899999999	1.12.2020	1151	36.38	GPS	hembra	34.0	18.5	26.2	-7.4	10.3	NW	33.9	1015.0	*	0.6	0.2	30
-40.585645	-64.995613	1.12.2020	1156	37.61	GPS	hembra	34.0	18.5	26.2	-7.4	10.3	NW	33.9	1015.0	*	0.6	0.2	30
-40.585661	-64.99560799999999	1.12.2020	1201	37.38	GPS	hembra	34.0	18.5	26.2	-7.0	10.4	NW	33.1	1008.8	0	0.6	0.2	30
-40.585615999999995	-64.9956	1.12.2020	1206	38.02	GPS	hembra	34.0	18.5	26.2	-7.0	10.4	NW	33.1	1008.8	0	0.6	0.2	30
-40.585516999999996	-64.9957	1.12.2020	1211	35.55	GPS	hembra	34.0	18.5	26.2	-7.0	10.4	NW	33.1	1008.8	0	0.6	0.2	30
-40.58549	-64.995711	1.12.2020	1216	37.22	GPS	hembra	34.0	18.5	26.2	-7.0	10.4	NW	33.1	1008.8	0	0.6	0.2	30
-40.585398	-64.995735	1.12.2020	1221	36.94	GPS	hembra	34.0	18.5	26.2	-7.0	10.4	NW	33.1	1008.8	0	0.6	0.2	30
-40.585338	-64.99580999999999	1.12.2020	1226	37.55	GPS	hembra	34.0	18.5	26.2	-7.0	10.4	NW	33.1	1008.8	0	0.6	0.2	30
-40.585316999999996	-64.995812	1.12.2020	1231	39.52	GPS	hembra	34.0	18.5	26.2	-7.0	10.4	NW	33.1	1008.8	0	0.6	0.2	30
-40.585264	-64.995862	1.12.2020	1236	38.83	GPS	hembra	34.0	18.5	26.2	-7.0	10.4	NW	33.1	1008.8	0	0.6	0.2	30
-40.585238000000004	-64.995851	1.12.2020	1241	37.27	GPS	hembra	34.0	18.5	26.2	-7.0	10.4	NW	33.1	1008.8	0	0.6	0.2	30
-40.585196999999994	-64.995889	1.12.2020	1246	38.38	GPS	hembra	34.0	18.5	26.2	-7.0	10.4	NW	33.1	1008.8	0	0.6	0.2	30
-40.58515	-64.99593399999999	1.12.2020	1251	38.87	GPS	hembra	34.0	18.5	26.2	-7.0	10.4	NW	33.1	1008.8	0	0.6	0.2	30
-40.585117	-64.99601	1.12.2020	1256	40.62	GPS	hembra	34.0	18.5	26.2	-7.0	10.4	NW	33.1	1008.8	0	0.6	0.2	30
-40.585122999999996	-64.99602	1.12.2020	1301	38.58	GPS	hembra	34.0	18.5	26.2	-7.2	9.8	NW	31.8	1008.8	0	0.6	0.2	30
-40.585116	-64.996026	1.12.2020	1307	36.72	GPS	hembra	34.0	18.5	26.2	-7.2	9.8	NW	31.8	1008.8	0	0.6	0.2	30
-40.585115	-64.996027	1.12.2020	1312	36.2	GPS	hembra	34.0	18.5	26.2	-7.2	9.8	NW	31.8	1008.8	0	0.6	0.2	30
-40.585114000000004	-64.99602900000001	1.12.2020	1317	35.83	GPS	hembra	34.0	18.5	26.2	-7.2	9.8	NW	31.8	1008.8	0	0.6	0.2	30
-40.585115	-64.996012	1.12.2020	1322	35.43	GPS	hembra	34.0	18.5	26.2	-7.2	9.8	NW	31.8	1008.8	0	0.6	0.2	30
-40.585112	-64.996027	1.12.2020	1327	35.51	GPS	hembra	34.0	18.5	26.2	-7.2	9.8	NW	31.8	1008.8	0	0.6	0.2	30
-40.585118	-64.996023	1.12.2020	1332	35.35	GPS	hembra	34.0	18.5	26.2	-7.2	9.8	NW	31.8	1008.8	0	0.6	0.2	30
-40.58513	-64.99598399999999	1.12.2020	1337	35.45	GPS	hembra	34.0	18.5	26.2	-7.2	9.8	NW	31.8	1008.8	0	0.6	0.2	30
-40.585122999999996	-64.996012	1.12.2020	1342	35.56	GPS	hembra	34.0	18.5	26.2	-7.2	9.8	NW	31.8	1008.8	0	0.6	0.2	30
-40.585119	-64.995998	1.12.2020	1347	35.73	GPS	hembra	34.0	18.5	26.2	-7.2	9.8	NW	31.8	1008.8	0	0.6	0.2	30
-40.585117	-64.995999	1.12.2020	1352	35.91	GPS	hembra	34.0	18.5	26.2	-7.2	9.8	NW	31.8	1008.8	0	0.6	0.2	30
-40.585122	-64.996002	1.12.2020	1357	36.23	GPS	hembra	34.0	18.5	26.2	-7.2	9.8	NW	31.8	1008.8	0	0.6	0.2	30
-40.585127	-64.996024	1.12.2020	1403	36.36	GPS	hembra	34.0	18.5	26.2	-7.8	9.0	NW	30.5	1008.8	0	0.7	0.2	30
-40.585141	-64.996038	1.12.2020	1407	36.57	GPS	hembra	34.0	18.5	26.2	-7.8	9.0	NW	30.5	1008.8	0	0.7	0.2	30
-40.585132	-64.996026	1.12.2020	1412	36.36	GPS	hembra	34.0	18.5	26.2	-7.8	9.0	NW	30.5	1008.8	0	0.7	0.2	30
-40.585132	-64.99602800000001	1.12.2020	1417	36.65	GPS	hembra	34.0	18.5	26.2	-7.8	9.0	NW	30.5	1008.8	0	0.7	0.2	30
-40.58512800000001	-64.996033	1.12.2020	1422	36.9	GPS	hembra	34.0	18.5	26.2	-7.8	9.0	NW	30.5	1008.8	0	0.7	0.2	30
-40.585118	-64.99602800000001	1.12.2020	1427	37	GPS	hembra	34.0	18.5	26.2	-7.8	9.0	NW	30.5	1008.8	0	0.7	0.2	30
-40.585136	-64.996031	1.12.2020	1433	37.06	GPS	hembra	34.0	18.5	26.2	-7.8	9.0	NW	30.5	1008.8	0	0.7	0.2	30
-40.585133	-64.996034	1.12.2020	1438	37.42	GPS	hembra	34.0	18.5	26.2	-7.8	9.0	NW	30.5	1008.8	0	0.7	0.2	30
-40.585141	-64.996038	1.12.2020	1443	37.59	GPS	hembra	34.0	18.5	26.2	-7.8	9.0	NW	30.5	1008.8	0	0.7	0.2	30
-40.585139	-64.996038	1.12.2020	1448	37.79	GPS	hembra	34.0	18.5	26.2	-7.8	9.0	NW	30.5	1008.8	0	0.7	0.2	30
-40.585133	-64.99603499999999	1.12.2020	1453	37.86	GPS	hembra	34.0	18.5	26.2	-7.8	9.0	NW	30.5	1008.8	0	0.7	0.2	30
-40.585109	-64.99603	1.12.2020	1458	38.22	GPS	hembra	34.0	18.5	26.2	-7.8	9.0	NW	30.5	1008.8	0	0.7	0.2	30
-40.585113	-64.996027	1.12.2020	1503	38.13	GPS	hembra	34.0	18.5	26.2	-8.7	8.3	NW	29.7	1008.8	0	0.8	0.1	30
-40.58511	-64.996034	1.12.2020	1508	38.65	GPS	hembra	34.0	18.5	26.2	-8.7	8.3	NW	29.7	1008.8	0	0.8	0.1	30
-40.58512	-64.99603	1.12.2020	1513	39.44	GPS	hembra	34.0	18.5	26.2	-8.7	8.3	NW	29.7	1008.8	0	0.8	0.1	30
-40.585142	-64.99603	1.12.2020	1518	40.02	GPS	hembra	34.0	18.5	26.2	-8.7	8.3	NW	29.7	1008.8	0	0.8	0.1	30
-40.585138	-64.996033	1.12.2020	1523	40.24	GPS	hembra	34.0	18.5	26.2	-8.7	8.3	NW	29.7	1008.8	0	0.8	0.1	30
-40.58514	-64.996036	1.12.2020	1528	40.58	GPS	hembra	34.0	18.5	26.2	-8.7	8.3	NW	29.7	1008.8	0	0.8	0.1	30
-40.585135	-64.996034	1.12.2020	1533	40.93	GPS	hembra	34.0	18.5	26.2	-8.7	8.3	NW	29.7	1008.8	0	0.8	0.1	30
-40.585128999999995	-64.99605600000001	1.12.2020	1538	40.8	GPS	hembra	34.0	18.5	26.2	-8.7	8.3	NW	29.7	1008.8	0	0.8	0.1	30
-40.585148	-64.996024	1.12.2020	1543	41.22	GPS	hembra	34.0	18.5	26.2	-8.7	8.3	NW	29.7	1008.8	0	0.8	0.1	30
-40.585136	-64.996041	1.12.2020	1548	41.27	GPS	hembra	34.0	18.5	26.2	-8.7	8.3	NW	29.7	1008.8	0	0.8	0.1	30
-40.585144	-64.99600699999999	1.12.2020	1553	41.45	GPS	hembra	34.0	18.5	26.2	-8.7	8.3	NW	29.7	1008.8	0	0.8	0.1	30
-40.585135	-64.996037	1.12.2020	1629	41.57	GPS	hembra	34.0	18.5	26.2	-9.8	7.6	NW	28.4	1008.8	0	0.8	0.1	30
-40.585159999999995	-64.99604000000001	1.12.2020	1630	*	yagui	hembra	34.0	18.5	26.2	-9.8	7.6	NW	28.4	1008.8	0	0.8	0.1	30
-40.585149	-64.996064	1.12.2020	1639	41.78	GPS	hembra	34.0	18.5	26.2	-9.8	7.6	NW	28.4	1008.8	0	0.8	0.1	30
-40.585155	-64.996076	1.12.2020	1644	41.85	GPS	hembra	34.0	18.5	26.2	-9.8	7.6	NW	28.4	1008.8	0	0.8	0.1	30
-40.585167999999996	-64.996078	1.12.2020	1649	42.06	GPS	hembra	34.0	18.5	26.2	-9.8	7.6	NW	28.4	1008.8	0	0.8	0.1	30
-40.585161	-64.996086	1.12.2020	1654	42.11	GPS	hembra	34.0	18.5	26.2	-9.8	7.6	NW	28.4	1008.8	0	0.8	0.1	30
-40.585167	-64.996084	1.12.2020	1659	41.68	GPS	hembra	34.0	18.5	26.2	-9.8	7.6	NW	28.4	1008.8	0	0.8	0.1	30
-40.585166	-64.996082	1.12.2020	1704	41.85	GPS	hembra	34.0	18.5	26.2	-11.5	7.0	NW	27.8	1008.8	0	0.8	0.1	30
-40.585167999999996	-64.996089	1.12.2020	1709	41.81	GPS	hembra	34.0	18.5	26.2	-11.5	7.0	NW	27.8	1008.8	0	0.8	0.1	30
-40.585171	-64.996089	1.12.2020	1714	41.58	GPS	hembra	34.0	18.5	26.2	-11.5	7.0	NW	27.8	1008.8	0	0.8	0.1	30
-40.585167999999996	-64.996088	1.12.2020	1719	41.36	GPS	hembra	34.0	18.5	26.2	-11.5	7.0	NW	27.8	1008.8	0	0.8	0.1	30
-40.585167999999996	-64.996089	1.12.2020	1724	41.74	GPS	hembra	34.0	18.5	26.2	-11.5	7.0	NW	27.8	1008.8	0	0.8	0.1	30
-40.58515	-64.996057	1.12.2020	1730	41.8	GPS	hembra	34.0	18.5	26.2	-11.5	7.0	NW	27.8	1008.8	0	0.8	0.1	30
-40.585128999999995	-64.996031	1.12.2020	1734	42.01	GPS	hembra	34.0	18.5	26.2	-11.5	7.0	NW	27.8	1008.8	0	0.8	0.1	30
-40.585132	-64.996026	1.12.2020	1740	41.43	GPS	hembra	34.0	18.5	26.2	-11.5	7.0	NW	27.8	1008.8	0	0.8	0.1	30
-40.585138	-64.996026	1.12.2020	1745	41.66	GPS	hembra	34.0	18.5	26.2	-11.5	7.0	NW	27.8	1008.8	0	0.8	0.1	30
-40.585134000000004	-64.996025	1.12.2020	1750	41.66	GPS	hembra	34.0	18.5	26.2	-11.5	7.0	NW	27.8	1008.8	0	0.8	0.1	30
-40.585134000000004	-64.996016	1.12.2020	1755	41.7	GPS	hembra	34.0	18.5	26.2	-11.5	7.0	NW	27.8	1008.8	0	0.8	0.1	30
-40.585196999999994	-64.99596600000001	1.12.2020	1800	41.68	GPS	hembra	35.4	18.5	26.2	-12.6	6.5	WNW	28.1	1008.8	0	0.8	0.1	30
-40.58517	-64.995972	1.12.2020	1805	41.91	GPS	hembra	35.4	18.5	26.2	-12.6	6.5	WNW	28.1	1008.8	0	0.8	0.1	30
-40.585213	-64.995925	1.12.2020	1810	42.17	GPS	hembra	35.4	18.5	26.2	-12.6	6.5	WNW	28.1	1008.8	0	0.8	0.1	30
-40.585211	-64.99593399999999	1.12.2020	1815	42.01	GPS	hembra	35.4	18.5	26.2	-12.6	6.5	WNW	28.1	1008.8	0	0.8	0.1	30
-40.585176000000004	-64.99594300000001	1.12.2020	1820	42.13	GPS	hembra	35.4	18.5	26.2	-12.6	6.5	WNW	28.1	1008.8	0	0.8	0.1	30
-40.585176000000004	-64.99595500000001	1.12.2020	1825	41.79	GPS	hembra	35.4	18.5	26.2	-12.6	6.5	WNW	28.1	1008.8	0	0.8	0.1	30
-40.585173	-64.995961	1.12.2020	1830	41.65	GPS	hembra	35.4	18.5	26.2	-12.6	6.5	WNW	28.1	1008.8	0	0.8	0.1	30
-40.585146	-64.996038	1.12.2020	1836	41.64	GPS	hembra	35.4	18.5	26.2	-12.6	6.5	WNW	28.1	1008.8	0	0.8	0.1	30
-40.585189	-64.99601	1.12.2020	1840	41.66	GPS	hembra	35.4	18.5	26.2	-12.6	6.5	WNW	28.1	1008.8	0	0.8	0.1	30
-40.585152	-64.996034	1.12.2020	1845	41.19	GPS	hembra	35.4	18.5	26.2	-12.6	6.5	WNW	28.1	1008.8	0	0.8	0.1	30
-40.58515	-64.996039	1.12.2020	1850	41.21	GPS	hembra	35.4	18.5	26.2	-12.6	6.5	WNW	28.1	1008.8	0	0.8	0.1	30
-40.585157	-64.996041	1.12.2020	1855	40.99	GPS	hembra	35.4	18.5	26.2	-12.6	6.5	WNW	28.1	1008.8	0	0.8	0.1	30
-40.58515	-64.99603499999999	1.12.2020	1901	40.9	GPS	hembra	36.2	18.5	26.2	-13.5	6.2	WNW	28.1	1008.8	0	0.8	0.2	30
-40.58515300000001	-64.996039	1.12.2020	1906	40.77	GPS	hembra	36.2	18.5	26.2	-13.5	6.2	WNW	28.1	1008.8	0	0.8	0.2	30
-40.585155	-64.996044	1.12.2020	1911	40.67	GPS	hembra	36.2	18.5	26.2	-13.5	6.2	WNW	28.1	1008.8	0	0.8	0.2	30
-40.585146	-64.996036	1.12.2020	1916	40.82	GPS	hembra	36.2	18.5	26.2	-13.5	6.2	WNW	28.1	1008.8	0	0.8	0.2	30
-40.585151	-64.996033	1.12.2020	1921	40.8	GPS	hembra	36.2	18.5	26.2	-13.5	6.2	WNW	28.1	1008.8	0	0.8	0.2	30
-40.585156	-64.996039	1.12.2020	1926	40.5	GPS	hembra	36.2	18.5	26.2	-13.5	6.2	WNW	28.1	1008.8	0	0.8	0.2	30
-40.58515	-64.99603499999999	1.12.2020	1931	40.4	GPS	hembra	36.2	18.5	26.2	-13.5	6.2	WNW	28.1	1008.8	0	0.8	0.2	30
-40.585146	-64.996041	1.12.2020	1936	40.34	GPS	hembra	36.2	18.5	26.2	-13.5	6.2	WNW	28.1	1008.8	0	0.8	0.2	30
-40.585146	-64.996043	1.12.2020	1941	40.09	GPS	hembra	36.2	18.5	26.2	-13.5	6.2	WNW	28.1	1008.8	0	0.8	0.2	30
-40.58515	-64.99604000000001	1.12.2020	1946	39.89	GPS	hembra	36.2	18.5	26.2	-13.5	6.2	WNW	28.1	1008.8	0	0.8	0.2	30
-40.585147	-64.996034	1.12.2020	1951	39.84	GPS	hembra	36.2	18.5	26.2	-13.5	6.2	WNW	28.1	1008.8	0	0.8	0.2	30
-40.585147	-64.996041	1.12.2020	1956	39.67	GPS	hembra	36.2	18.5	26.2	-13.5	6.2	WNW	28.1	1008.8	0	0.8	0.2	30
-40.585144	-64.996042	1.12.2020	2001	39.43	GPS	hembra	36.5	18.5	26.2	-14.4	5.9	WNW	28.1	1008.8	0	0.8	0.4	30
-40.585136	-64.996024	1.12.2020	2006	39.35	GPS	hembra	36.5	18.5	26.2	-14.4	5.9	WNW	28.1	1008.8	0	0.8	0.4	30
-40.58515300000001	-64.996043	1.12.2020	2011	39.26	GPS	hembra	36.5	18.5	26.2	-14.4	5.9	WNW	28.1	1008.8	0	0.8	0.4	30
-40.585141	-64.996033	1.12.2020	2016	39.08	GPS	hembra	36.5	18.5	26.2	-14.4	5.9	WNW	28.1	1008.8	0	0.8	0.4	30
-40.58517	-64.99606	1.12.2020	2026	38.88	GPS	hembra	36.5	18.5	26.2	-14.4	5.9	WNW	28.1	1008.8	0	0.8	0.4	30
-40.585109	-64.995987	1.12.2020	2057	38.14	GPS	hembra	36.5	18.5	26.2	-14.4	5.9	WNW	28.1	1008.8	0	0.8	0.4	30
-40.585103000000004	-64.99596899999999	1.12.2020	2107	37.83	GPS	hembra	36.5	18.5	26.2	-15.3	5.6	WNW	28.1	1008.8	0	0.8	0.5	30
-40.58515300000001	-64.996027	1.12.2020	2133	37.14	GPS	hembra	36.5	18.5	26.2	-15.3	5.6	WNW	28.1	1008.8	0	0.8	0.5	30
-40.585146	-64.99602800000001	1.12.2020	2137	37.22	GPS	hembra	36.5	18.5	26.2	-15.3	5.6	WNW	28.1	1008.8	0	0.8	0.5	30
-40.585149	-64.996022	1.12.2020	2142	37.03	GPS	hembra	36.5	18.5	26.2	-15.3	5.6	WNW	28.1	1008.8	0	0.8	0.5	30
-40.585149	-64.996026	1.12.2020	2147	36.97	GPS	hembra	36.5	18.5	26.2	-15.3	5.6	WNW	28.1	1008.8	0	0.8	0.5	30
-40.585148	-64.996021	1.12.2020	2153	36.69	GPS	hembra	36.5	18.5	26.2	-15.3	5.6	WNW	28.1	1008.8	0	0.8	0.5	30
-40.585144	-64.996026	1.12.2020	2158	36.72	GPS	hembra	36.5	18.5	26.2	-15.3	5.6	WNW	28.1	1008.8	0	0.8	0.5	30
-40.585134000000004	-64.996043	1.12.2020	2203	36.63	GPS	hembra	36.5	18.5	23.2	-15.8	5.4	WNW	27.7	1008.8	0	0.8	0.6	30
-40.585136	-64.99603499999999	1.12.2020	2208	36.47	GPS	hembra	36.5	18.5	23.2	-15.8	5.4	WNW	27.7	1008.8	0	0.8	0.6	30
-40.585135	-64.99602800000001	1.12.2020	2213	36.32	GPS	hembra	36.5	18.5	23.2	-15.8	5.4	WNW	27.7	1008.8	0	0.8	0.6	30
-40.585132	-64.996032	1.12.2020	2218	36.15	GPS	hembra	36.5	18.5	23.2	-15.8	5.4	WNW	27.7	1008.8	0	0.8	0.6	30
-40.585136999999996	-64.996045	1.12.2020	2223	35.92	GPS	hembra	36.5	18.5	23.2	-15.8	5.4	WNW	27.7	1008.8	0	0.8	0.6	30
-40.585135	-64.996027	1.12.2020	2228	35.71	GPS	hembra	36.5	18.5	23.2	-15.8	5.4	WNW	27.7	1008.8	0	0.8	0.6	30
-40.585136	-64.996045	1.12.2020	2233	35.57	GPS	hembra	36.5	18.5	23.2	-15.8	5.4	WNW	27.7	1008.8	0	0.8	0.6	30
-40.585135	-64.99603499999999	1.12.2020	2238	35.38	GPS	hembra	36.5	18.5	23.2	-15.8	5.4	WNW	27.7	1008.8	0	0.8	0.6	30
-40.585141	-64.996041	1.12.2020	2243	35.37	GPS	hembra	36.5	18.5	23.2	-15.8	5.4	WNW	27.7	1008.8	0	0.8	0.6	30
-40.585149	-64.996043	1.12.2020	2248	35.24	GPS	hembra	36.5	18.5	23.2	-15.8	5.4	WNW	27.7	1008.8	0	0.8	0.6	30
-40.58515300000001	-64.99604599999999	1.12.2020	2253	35.04	GPS	hembra	36.5	18.5	23.2	-15.8	5.4	WNW	27.7	1008.8	0	0.8	0.6	30
-40.585162	-64.996088	1.12.2020	2258	34.86	GPS	hembra	36.5	18.5	23.2	-15.8	5.4	WNW	27.7	1008.8	0	0.8	0.6	30
