lat	lon	date	time	tempIMU	metodologia	sexo	tempmax(C)	tempmin(C)	tempmed(C)	Temprocíomediadiaria(C)	Humedadrelativadiaria(%)	vientodir	viento(km/h)vel	Presionsobreniveldelmar(Hp)	Prec(mm)	NubesTotOct	NubbajOct	Vis(km)
-40.584237	-64.998726	2.12.2020	1	25.9	GPS	macho	37.3	18.2	27.8	-15.8	6.1	WNW	28.8	1005.8	0	0.6	0.8	30.0
-40.584257	-64.998765	2.12.2020	6	25.47	GPS	macho	37.3	18.2	27.8	-15.8	6.1	WNW	28.8	1005.8	0	0.6	0.8	30.0
-40.584223	-64.998961	2.12.2020	11	25.1	GPS	macho	37.3	18.2	27.8	-15.8	6.1	WNW	28.8	1005.8	0	0.6	0.8	30.0
-40.584345	-64.998927	2.12.2020	16	24.7	GPS	macho	37.3	18.2	27.8	-15.8	6.1	WNW	28.8	1005.8	0	0.6	0.8	30.0
-40.584299	-64.998915	2.12.2020	21	24.25	GPS	macho	37.3	18.2	27.8	-15.8	6.1	WNW	28.8	1005.8	0	0.6	0.8	30.0
-40.584356	-64.998856	2.12.2020	26	23.88	GPS	macho	37.3	18.2	27.8	-15.8	6.1	WNW	28.8	1005.8	0	0.6	0.8	30.0
-40.584354	-64.998837	2.12.2020	31	23.63	GPS	macho	37.3	18.2	27.8	-15.8	6.1	WNW	28.8	1005.8	0	0.6	0.8	30.0
-40.58434000000001	-64.99884	2.12.2020	36	23.3	GPS	macho	37.3	18.2	27.8	-15.8	6.1	WNW	28.8	1005.8	0	0.6	0.8	30.0
-40.584336	-64.998734	2.12.2020	41	22.97	GPS	macho	37.3	18.2	27.8	-15.8	6.1	WNW	28.8	1005.8	0	0.6	0.8	30.0
-40.584376	-64.998662	2.12.2020	46	22.72	GPS	macho	37.3	18.2	27.8	-15.8	6.1	WNW	28.8	1005.8	0	0.6	0.8	30.0
-40.584341	-64.99880999999999	2.12.2020	51	22.52	GPS	macho	37.3	18.2	27.8	-15.8	6.1	WNW	28.8	1005.8	0	0.6	0.8	30.0
-40.584335	-64.998807	2.12.2020	56	22.44	GPS	macho	37.3	18.2	27.8	-15.8	6.1	WNW	28.8	1005.8	0	0.6	0.8	30.0
-40.584325	-64.998774	2.12.2020	102	22.26	GPS	macho	37.3	18.2	28.1	-15.8	6.1	WNW	28.8	1005.8	0	0.6	0.8	30.0
-40.584311	-64.998889	2.12.2020	122	21.73	GPS	macho	37.3	18.2	28.1	-15.8	6.1	WNW	28.8	1005.8	0	0.6	0.8	30.0
-40.584416	-64.998661	2.12.2020	127	21.29	GPS	macho	37.3	18.2	28.1	-15.8	6.1	WNW	28.8	1005.8	0	0.6	0.8	30.0
-40.584312	-64.998944	2.12.2020	132	21.1	GPS	macho	37.3	18.2	28.1	-15.8	6.1	WNW	28.8	1005.8	0	0.6	0.8	30.0
-40.584347	-64.998899	2.12.2020	137	21.01	GPS	macho	37.3	18.2	28.1	-15.8	6.1	WNW	28.8	1005.8	0	0.6	0.8	30.0
-40.584284	-64.998868	2.12.2020	142	20.99	GPS	macho	37.3	18.2	28.1	-15.8	6.1	WNW	28.8	1005.8	0	0.6	0.8	30.0
-40.58431	-64.998809	2.12.2020	147	20.98	GPS	macho	37.3	18.2	28.1	-15.8	6.1	WNW	28.8	1005.8	0	0.6	0.8	30.0
-40.584313	-64.998876	2.12.2020	152	21.01	GPS	macho	37.3	18.2	28.1	-15.8	6.1	WNW	28.8	1005.8	0	0.6	0.8	30.0
-40.584217	-64.999	2.12.2020	157	21.09	GPS	macho	37.3	18.2	28.1	-15.8	6.1	WNW	28.8	1005.8	0	0.6	0.8	30.0
-40.584285	-64.998931	2.12.2020	202	21.13	GPS	macho	37.3	18.2	27.9	-15.8	6.1	WNW	28.8	1005.8	0	0.6	0.8	30.0
-40.584342	-64.998991	2.12.2020	207	21.2	GPS	macho	37.3	18.2	27.9	-15.8	6.1	WNW	28.8	1005.8	0	0.6	0.8	30.0
-40.584215	-64.998801	2.12.2020	212	21.26	GPS	macho	37.3	18.2	27.9	-15.8	6.1	WNW	28.8	1005.8	0	0.6	0.8	30.0
-40.584218	-64.998951	2.12.2020	217	21.31	GPS	macho	37.3	18.2	27.9	-15.8	6.1	WNW	28.8	1005.8	0	0.6	0.8	30.0
-40.584374	-64.998909	2.12.2020	222	21.29	GPS	macho	37.3	18.2	27.9	-15.8	6.1	WNW	28.8	1005.8	0	0.6	0.8	30.0
-40.584322	-64.998993	2.12.2020	227	21.34	GPS	macho	37.3	18.2	27.9	-15.8	6.1	WNW	28.8	1005.8	0	0.6	0.8	30.0
-40.584349	-64.998986	2.12.2020	232	21.26	GPS	macho	37.3	18.2	27.9	-15.8	6.1	WNW	28.8	1005.8	0	0.6	0.8	30.0
-40.584348	-64.99886500000001	2.12.2020	237	21.17	GPS	macho	37.3	18.2	27.9	-15.8	6.1	WNW	28.8	1005.8	0	0.6	0.8	30.0
-40.584355	-64.998952	2.12.2020	242	21.12	GPS	macho	37.3	18.2	27.9	-15.8	6.1	WNW	28.8	1005.8	0	0.6	0.8	30.0
-40.584359	-64.99900600000001	2.12.2020	247	21.07	GPS	macho	37.3	18.2	27.9	-15.8	6.1	WNW	28.8	1005.8	0	0.6	0.8	30.0
-40.584337	-64.998903	2.12.2020	252	21.03	GPS	macho	37.3	18.2	27.9	-15.8	6.1	WNW	28.8	1005.8	0	0.6	0.8	30.0
-40.584232	-64.998921	2.12.2020	257	20.95	GPS	macho	37.3	18.2	27.9	-15.8	6.1	WNW	28.8	1005.8	0	0.6	0.8	30.0
-40.584116	-64.99889300000001	2.12.2020	302	20.86	GPS	macho	37.3	18.2	27.7	-15.8	6.1	WNW	28.8	1005.8	0	0.6	0.8	30.0
-40.584209	-64.998991	2.12.2020	307	20.81	GPS	macho	37.3	18.2	27.7	-15.8	6.1	WNW	28.8	1005.8	0	0.6	0.8	30.0
-40.584284	-64.998919	2.12.2020	313	20.78	GPS	macho	37.3	18.2	27.7	-15.8	6.1	WNW	28.8	1005.8	0	0.6	0.8	30.0
-40.584337	-64.998937	2.12.2020	318	20.71	GPS	macho	37.3	18.2	27.7	-15.8	6.1	WNW	28.8	1005.8	0	0.6	0.8	30.0
-40.584247	-64.998864	2.12.2020	323	20.63	GPS	macho	37.3	18.2	27.7	-15.8	6.1	WNW	28.8	1005.8	0	0.6	0.8	30.0
-40.584315	-64.998899	2.12.2020	328	20.6	GPS	macho	37.3	18.2	27.7	-15.8	6.1	WNW	28.8	1005.8	0	0.6	0.8	30.0
-40.584364	-64.99887700000001	2.12.2020	333	20.75	GPS	macho	37.3	18.2	27.7	-15.8	6.1	WNW	28.8	1005.8	0	0.6	0.8	30.0
-40.584338	-64.998922	2.12.2020	338	20.39	GPS	macho	37.3	18.2	27.7	-15.8	6.1	WNW	28.8	1005.8	0	0.6	0.8	30.0
-40.58435	-64.998891	2.12.2020	343	20.35	GPS	macho	37.3	18.2	27.7	-15.8	6.1	WNW	28.8	1005.8	0	0.6	0.8	30.0
-40.584328	-64.998924	2.12.2020	348	20.12	GPS	macho	37.3	18.2	27.7	-15.8	6.1	WNW	28.8	1005.8	0	0.6	0.8	30.0
-40.584263	-64.998923	2.12.2020	353	20.02	GPS	macho	37.3	18.2	27.7	-15.8	6.1	WNW	28.8	1005.8	0	0.6	0.8	30.0
-40.584299	-64.998801	2.12.2020	358	19.95	GPS	macho	37.3	18.2	27.7	-15.8	6.1	WNW	28.8	1005.8	0	0.6	0.8	30.0
-40.584313	-64.998827	2.12.2020	403	19.92	GPS	macho	37.3	18.2	27.5	-15.8	6.1	WNW	28.8	1005.8	0	0.6	0.8	30.0
-40.584326	-64.998912	2.12.2020	408	19.86	GPS	macho	37.3	18.2	27.5	-15.8	6.1	WNW	28.8	1005.8	0	0.6	0.8	30.0
-40.584297	-64.998942	2.12.2020	413	19.73	GPS	macho	37.3	18.2	27.5	-15.8	6.1	WNW	28.8	1005.8	0	0.6	0.8	30.0
-40.584373	-64.998823	2.12.2020	418	19.52	GPS	macho	37.3	18.2	27.5	-15.8	6.1	WNW	28.8	1005.8	0	0.6	0.8	30.0
-40.584331	-64.998878	2.12.2020	423	19.35	GPS	macho	37.3	18.2	27.5	-15.8	6.1	WNW	28.8	1005.8	0	0.6	0.8	30.0
-40.584554	-64.998612	2.12.2020	428	19.21	GPS	macho	37.3	18.2	27.5	-15.8	6.1	WNW	28.8	1005.8	0	0.6	0.8	30.0
-40.584339	-64.998959	2.12.2020	433	19.09	GPS	macho	37.3	18.2	27.5	-15.8	6.1	WNW	28.8	1005.8	0	0.6	0.8	30.0
-40.584353	-64.998814	2.12.2020	438	19.1	GPS	macho	37.3	18.2	27.5	-15.8	6.1	WNW	28.8	1005.8	0	0.6	0.8	30.0
-40.584342	-64.998899	2.12.2020	443	18.86	GPS	macho	37.3	18.2	27.5	-15.8	6.1	WNW	28.8	1005.8	0	0.6	0.8	30.0
-40.584378	-64.99895699999999	2.12.2020	448	18.86	GPS	macho	37.3	18.2	27.5	-15.8	6.1	WNW	28.8	1005.8	0	0.6	0.8	30.0
-40.584311	-64.998919	2.12.2020	453	18.67	GPS	macho	37.3	18.2	27.5	-15.8	6.1	WNW	28.8	1005.8	0	0.6	0.8	30.0
-40.584311	-64.99887	2.12.2020	458	18.61	GPS	macho	37.3	18.2	27.5	-15.8	6.1	WNW	28.8	1005.8	0	0.6	0.8	30.0
-40.584323	-64.998886	2.12.2020	504	18.5	GPS	macho	37.3	18.2	27.3	-15.8	6.1	WNW	28.8	1005.8	0	0.6	0.8	30.0
-40.584317	-64.998878	2.12.2020	509	18.55	GPS	macho	37.3	18.2	27.3	-15.8	6.1	WNW	28.8	1005.8	0	0.6	0.8	30.0
-40.584325	-64.99894300000001	2.12.2020	514	18.37	GPS	macho	37.3	18.2	27.3	-15.8	6.1	WNW	28.8	1005.8	0	0.6	0.8	30.0
-40.584294	-64.998979	2.12.2020	519	18.44	GPS	macho	37.3	18.2	27.3	-15.8	6.1	WNW	28.8	1005.8	0	0.6	0.8	30.0
-40.584282	-64.99887700000001	2.12.2020	524	18.42	GPS	macho	37.3	18.2	27.3	-15.8	6.1	WNW	28.8	1005.8	0	0.6	0.8	30.0
-40.584338	-64.998903	2.12.2020	529	18.35	GPS	macho	37.3	18.2	27.3	-15.8	6.1	WNW	28.8	1005.8	0	0.6	0.8	30.0
-40.584374	-64.998914	2.12.2020	534	18.27	GPS	macho	37.3	18.2	27.3	-15.8	6.1	WNW	28.8	1005.8	0	0.6	0.8	30.0
-40.58438	-64.998922	2.12.2020	539	18.29	GPS	macho	37.3	18.2	27.3	-15.8	6.1	WNW	28.8	1005.8	0	0.6	0.8	30.0
-40.584351	-64.99911	2.12.2020	544	18.31	GPS	macho	37.3	18.2	27.3	-15.8	6.1	WNW	28.8	1005.8	0	0.6	0.8	30.0
-40.584454	-64.998954	2.12.2020	549	18.11	GPS	macho	37.3	18.2	27.3	-15.8	6.1	WNW	28.8	1005.8	0	0.6	0.8	30.0
-40.584268	-64.99885400000001	2.12.2020	554	17.94	GPS	macho	37.3	18.2	27.3	-15.8	6.1	WNW	28.8	1005.8	0	0.6	0.8	30.0
-40.58425	-64.99888100000001	2.12.2020	559	17.91	GPS	macho	37.3	18.2	27.3	-15.8	6.1	WNW	28.8	1005.8	0	0.6	0.8	30.0
-40.584241	-64.998823	2.12.2020	604	17.85	GPS	macho	37.3	18.2	27.1	-15.8	6.1	WNW	28.8	1005.8	*	0.6	0.8	30.0
-40.584292	-64.99889499999999	2.12.2020	609	17.91	GPS	macho	37.3	18.2	27.1	-15.8	6.1	WNW	28.8	1005.8	*	0.6	0.8	30.0
-40.584325	-64.998897	2.12.2020	614	17.94	GPS	macho	37.3	18.2	27.1	-15.8	6.1	WNW	28.8	1005.8	*	0.6	0.8	30.0
-40.58425	-64.998848	2.12.2020	619	17.99	GPS	macho	37.3	18.2	27.1	-15.8	6.1	WNW	28.8	1005.8	*	0.6	0.8	30.0
-40.584319	-64.998928	2.12.2020	624	17.91	GPS	macho	37.3	18.2	27.1	-15.8	6.1	WNW	28.8	1005.8	*	0.6	0.8	30.0
-40.584357	-64.998913	2.12.2020	629	17.83	GPS	macho	37.3	18.2	27.1	-15.8	6.1	WNW	28.8	1005.8	*	0.6	0.8	30.0
-40.58431	-64.99889	2.12.2020	1144	*	yagui	macho	37.3	18.2	27.8	-15.8	6.1	WNW	28.8	1005.8	*	0.6	0.8	30.0
-40.58432	-64.99892	2.12.2020	1204	*	yagui	macho	37.3	14.8	26.0	-15.6	7.3	W	29.2	1009.2	0	0.8	0.9	30.0
-40.58432	-64.99889	2.12.2020	1234	*	yagui	macho	37.3	14.8	26.0	-15.6	7.3	W	29.2	1009.2	0	0.8	0.9	30.0
-40.58437	-64.99882	2.12.2020	1303	*	yagui	macho	37.3	14.8	26.0	-14.9	9.1	W	29.7	1010.9	0	0.8	0.9	30.0
-40.58442	-64.99889	2.12.2020	1321	*	yagui	macho	37.3	14.8	26.0	-14.9	9.1	W	29.7	1010.9	0	0.8	0.9	30.0
-40.58436500000001	-64.998913	2.12.2020	1321	17.76	GPS	macho	37.3	14.8	26.0	-14.9	9.1	W	29.7	1010.9	0	0.8	0.9	30.0
-40.58442700000001	-64.998903	2.12.2020	1327	36.05	GPS	macho	37.3	14.8	26.0	-14.9	9.1	W	29.7	1010.9	0	0.8	0.9	30.0
-40.584412	-64.998876	2.12.2020	1332	41.91	GPS	macho	37.3	14.8	26.0	-14.9	9.1	W	29.7	1010.9	0	0.8	0.9	30.0
-40.584486	-64.998994	2.12.2020	1337	41.94	GPS	macho	37.3	14.8	26.0	-14.9	9.1	W	29.7	1010.9	0	0.8	0.9	30.0
-40.584552	-64.99904000000001	2.12.2020	1342	43.24	GPS	macho	37.3	14.8	26.0	-14.9	9.1	W	29.7	1010.9	0	0.8	0.9	30.0
-40.584576	-64.999246	2.12.2020	1347	45.23	GPS	macho	37.3	14.8	26.0	-14.9	9.1	W	29.7	1010.9	0	0.8	0.9	30.0
-40.584713	-64.999448	2.12.2020	1352	45.43	GPS	macho	37.3	14.8	26.0	-14.9	9.1	W	29.7	1010.9	0	0.8	0.9	30.0
-40.584815	-64.99956999999999	2.12.2020	1357	48.32	GPS	macho	37.3	14.8	26.0	-14.9	9.1	W	29.7	1010.9	0	0.8	0.9	30.0
-40.58485	-64.999525	2.12.2020	1402	42.65	GPS	macho	37.3	14.8	26.0	-13.7	11.5	W	29.2	1011.7	0	0.8	1	30.0
-40.584827	-64.999567	2.12.2020	1407	39.39	GPS	macho	37.3	14.8	26.0	-13.7	11.5	W	29.2	1011.7	0	0.8	1	30.0
-40.584766	-64.99955	2.12.2020	1422	36.19	GPS	macho	37.3	14.8	26.0	-13.7	11.5	W	29.2	1011.7	0	0.8	1	30.0
-40.584805	-64.999545	2.12.2020	1427	35.03	GPS	macho	37.3	14.8	26.0	-13.7	11.5	W	29.2	1011.7	0	0.8	1	30.0
-40.584797	-64.999472	2.12.2020	1432	34.35	GPS	macho	37.3	14.8	26.0	-13.7	11.5	W	29.2	1011.7	0	0.8	1	30.0
-40.584678	-64.999087	2.12.2020	1437	33.6	GPS	macho	37.3	14.8	26.0	-13.7	11.5	W	29.2	1011.7	0	0.8	1	30.0
-40.58477	-64.99945699999999	2.12.2020	1442	33.24	GPS	macho	37.3	14.8	26.0	-13.7	11.5	W	29.2	1011.7	0	0.8	1	30.0
-40.58472800000001	-64.999522	2.12.2020	1448	32.22	GPS	macho	37.3	14.8	26.0	-13.7	11.5	W	29.2	1011.7	0	0.8	1	30.0
-40.584719	-64.999596	2.12.2020	1452	32.5	GPS	macho	37.3	14.8	26.0	-13.7	11.5	W	29.2	1011.7	0	0.8	1	30.0
-40.584755	-64.999567	2.12.2020	1457	33.47	GPS	macho	37.3	14.8	26.0	-13.7	11.5	W	29.2	1011.7	0	0.8	1	30.0
-40.584729	-64.999488	2.12.2020	1502	34.13	GPS	macho	37.3	14.8	26.0	-12.1	13.9	WSW	28.2	1012.1	0	0.8	1.1	30.0
-40.584725	-64.999533	2.12.2020	1512	34.52	GPS	macho	37.3	14.8	26.0	-12.1	13.9	WSW	28.2	1012.1	0	0.8	1.1	30.0
-40.584718	-64.999515	2.12.2020	1517	34.63	GPS	macho	37.3	14.8	26.0	-12.1	13.9	WSW	28.2	1012.1	0	0.8	1.1	30.0
-40.584888	-64.999563	2.12.2020	1523	35.55	GPS	macho	37.3	14.8	26.0	-12.1	13.9	WSW	28.2	1012.1	0	0.8	1.1	30.0
-40.584779	-64.999515	2.12.2020	1528	35.5	GPS	macho	37.3	14.8	26.0	-12.1	13.9	WSW	28.2	1012.1	0	0.8	1.1	30.0
-40.584864	-64.999557	2.12.2020	1532	34.46	GPS	macho	37.3	14.8	26.0	-12.1	13.9	WSW	28.2	1012.1	0	0.8	1.1	30.0
-40.584863	-64.999526	2.12.2020	1538	34.51	GPS	macho	37.3	14.8	26.0	-12.1	13.9	WSW	28.2	1012.1	0	0.8	1.1	30.0
-40.584878	-64.999527	2.12.2020	1543	33.42	GPS	macho	37.3	14.8	26.0	-12.1	13.9	WSW	28.2	1012.1	0	0.8	1.1	30.0
-40.584865	-64.999545	2.12.2020	1548	34.42	GPS	macho	37.3	14.8	26.0	-12.1	13.9	WSW	28.2	1012.1	0	0.8	1.1	30.0
-40.584857	-64.999539	2.12.2020	1553	34.05	GPS	macho	37.3	14.8	26.0	-12.1	13.9	WSW	28.2	1012.1	0	0.8	1.1	30.0
-40.584845	-64.999538	2.12.2020	1558	33.95	GPS	macho	37.3	14.8	26.0	-12.1	13.9	WSW	28.2	1012.1	0	0.8	1.1	30.0
-40.585159	-64.99939599999999	2.12.2020	1603	33.81	GPS	macho	37.3	14.8	26.0	-10.4	16.1	WSW	27.2	1012.3	0	0.8	1.1	30.0
-40.5852	-64.99951999999999	2.12.2020	1606	*	yagui	macho	23.4	12.8	18.1	3.7	34.7	SE	25.5	1012.3	0	0.9	0.9	30.0
-40.584882	-64.999542	2.12.2020	1613	33.96	GPS	macho	37.3	14.8	26.0	-10.4	16.1	WSW	27.2	1012.3	0	0.8	1.1	30.0
-40.584868	-64.999521	2.12.2020	1618	33.58	GPS	macho	37.3	14.8	26.0	-10.4	16.1	WSW	27.2	1012.3	0	0.8	1.1	30.0
-40.584903	-64.999524	2.12.2020	1623	32.52	GPS	macho	37.3	14.8	26.0	-10.4	16.1	WSW	27.2	1012.3	0	0.8	1.1	30.0
-40.584846	-64.99948	2.12.2020	1628	32.61	GPS	macho	37.3	14.8	26.0	-10.4	16.1	WSW	27.2	1012.3	0	0.8	1.1	30.0
-40.58494500000001	-64.999493	2.12.2020	1633	32.65	GPS	macho	37.3	14.8	26.0	-10.4	16.1	WSW	27.2	1012.3	0	0.8	1.1	30.0
-40.584907	-64.99953599999999	2.12.2020	1638	32.48	GPS	macho	37.3	14.8	26.0	-10.4	16.1	WSW	27.2	1012.3	0	0.8	1.1	30.0
-40.585043	-64.999511	2.12.2020	1643	33.46	GPS	macho	37.3	14.8	26.0	-10.4	16.1	WSW	27.2	1012.3	0	0.8	1.1	30.0
-40.584866	-64.999534	2.12.2020	1649	34.56	GPS	macho	37.3	14.8	26.0	-10.4	16.1	WSW	27.2	1012.3	0	0.8	1.1	30.0
-40.584861	-64.999567	2.12.2020	1653	34.53	GPS	macho	37.3	14.8	26.0	-10.4	16.1	WSW	27.2	1012.3	0	0.8	1.1	30.0
-40.584969	-64.99976	2.12.2020	1658	33.91	GPS	macho	37.3	14.8	26.0	-10.4	16.1	WSW	27.2	1012.3	0	0.8	1.1	30.0
-40.58485200000001	-64.999528	2.12.2020	1703	33.93	GPS	macho	37.3	14.8	26.0	-7.8	19.0	SW	26.2	1012.4	0	0.9	1.1	30.0
-40.584813	-64.999531	2.12.2020	1708	35.03	GPS	macho	37.3	14.8	26.0	-7.8	19.0	SW	26.2	1012.4	0	0.9	1.1	30.0
-40.584871	-64.999528	2.12.2020	1713	35.19	GPS	macho	37.3	14.8	26.0	-7.8	19.0	SW	26.2	1012.4	0	0.9	1.1	30.0
-40.58491400000001	-64.999579	2.12.2020	1718	34.92	GPS	macho	37.3	14.8	26.0	-7.8	19.0	SW	26.2	1012.4	0	0.9	1.1	30.0
-40.584946	-64.999551	2.12.2020	1723	35.25	GPS	macho	37.3	14.8	26.0	-7.8	19.0	SW	26.2	1012.4	0	0.9	1.1	30.0
-40.584895	-64.999538	2.12.2020	1728	35.61	GPS	macho	37.3	14.8	26.0	-7.8	19.0	SW	26.2	1012.4	0	0.9	1.1	30.0
-40.584913	-64.999573	2.12.2020	1733	34.97	GPS	macho	37.3	14.8	26.0	-7.8	19.0	SW	26.2	1012.4	0	0.9	1.1	30.0
-40.584827	-64.999503	2.12.2020	1738	35.38	GPS	macho	37.3	14.8	26.0	-7.8	19.0	SW	26.2	1012.4	0	0.9	1.1	30.0
-40.584834	-64.99953599999999	2.12.2020	1743	35.4	GPS	macho	37.3	14.8	26.0	-7.8	19.0	SW	26.2	1012.4	0	0.9	1.1	30.0
-40.584877	-64.99959799999999	2.12.2020	1748	35.56	GPS	macho	37.3	14.8	26.0	-7.8	19.0	SW	26.2	1012.4	0	0.9	1.1	30.0
-40.584896	-64.999544	2.12.2020	1754	35.71	GPS	macho	37.3	14.8	26.0	-7.8	19.0	SW	26.2	1012.4	0	0.9	1.1	30.0
-40.58491400000001	-64.999517	2.12.2020	1758	35.13	GPS	macho	37.3	14.8	26.0	-7.8	19.0	SW	26.2	1012.4	0	0.9	1.1	30.0
-40.584965	-64.999535	2.12.2020	1804	35.54	GPS	macho	37.3	14.8	26.0	-5.7	21.3	SSW	25.1	1012.3	0	1.0	1.1	30.0
-40.58494	-64.999526	2.12.2020	1809	35.8	GPS	macho	37.3	14.8	26.0	-5.7	21.3	SSW	25.1	1012.3	0	1.0	1.1	30.0
-40.584875	-64.999557	2.12.2020	1814	36.17	GPS	macho	37.3	14.8	26.0	-5.7	21.3	SSW	25.1	1012.3	0	1.0	1.1	30.0
-40.584878	-64.999535	2.12.2020	1818	35.51	GPS	macho	37.3	14.8	26.0	-5.7	21.3	SSW	25.1	1012.3	0	1.0	1.1	30.0
-40.584919	-64.999565	2.12.2020	1824	35.83	GPS	macho	37.3	14.8	26.0	-5.7	21.3	SSW	25.1	1012.3	0	1.0	1.1	30.0
-40.584711	-64.99947399999999	2.12.2020	1829	36.04	GPS	macho	37.3	14.8	26.0	-5.7	21.3	SSW	25.1	1012.3	0	1.0	1.1	30.0
-40.584825	-64.999561	2.12.2020	1834	36.53	GPS	macho	37.3	14.8	26.0	-5.7	21.3	SSW	25.1	1012.3	0	1.0	1.1	30.0
-40.584857	-64.99951	2.12.2020	1839	36.56	GPS	macho	37.3	14.8	26.0	-5.7	21.3	SSW	25.1	1012.3	0	1.0	1.1	30.0
-40.58484	-64.99940699999999	2.12.2020	1844	36.74	GPS	macho	37.3	14.8	26.0	-5.7	21.3	SSW	25.1	1012.3	0	1.0	1.1	30.0
-40.584858	-64.99947399999999	2.12.2020	1849	36.59	GPS	macho	37.3	14.8	26.0	-5.7	21.3	SSW	25.1	1012.3	0	1.0	1.1	30.0
-40.58486	-64.999495	2.12.2020	1854	36.53	GPS	macho	37.3	14.8	26.0	-5.7	21.3	SSW	25.1	1012.3	0	1.0	1.1	30.0
-40.58485	-64.99949699999999	2.12.2020	1859	36.32	GPS	macho	37.3	14.8	26.0	-5.7	21.3	SSW	25.1	1012.3	0	1.0	1.1	30.0
-40.584897	-64.99948499999999	2.12.2020	1904	36.1	GPS	macho	37.3	14.8	26.0	-3.5	23.9	S	24.2	1012.1	0	1.0	1.1	30.0
-40.585008	-64.99950600000001	2.12.2020	1909	36.3	GPS	macho	37.3	14.8	26.0	-3.5	23.9	S	24.2	1012.1	0	1.0	1.1	30.0
-40.584863	-64.99954	2.12.2020	1914	35.99	GPS	macho	37.3	14.8	26.0	-3.5	23.9	S	24.2	1012.1	0	1.0	1.1	30.0
-40.58488300000001	-64.999507	2.12.2020	1919	35.98	GPS	macho	37.3	14.8	26.0	-3.5	23.9	S	24.2	1012.1	0	1.0	1.1	30.0
-40.584818	-64.999501	2.12.2020	1924	35.33	GPS	macho	37.3	14.8	26.0	-3.5	23.9	S	24.2	1012.1	0	1.0	1.1	30.0
-40.584876	-64.99949699999999	2.12.2020	1929	35.19	GPS	macho	37.3	14.8	26.0	-3.5	23.9	S	24.2	1012.1	0	1.0	1.1	30.0
-40.5849	-64.999523	2.12.2020	1934	35.17	GPS	macho	37.3	14.8	26.0	-3.5	23.9	S	24.2	1012.1	0	1.0	1.1	30.0
-40.584908	-64.999505	2.12.2020	1939	35.09	GPS	macho	37.3	14.8	26.0	-3.5	23.9	S	24.2	1012.1	0	1.0	1.1	30.0
-40.584958	-64.9996	2.12.2020	1944	34.95	GPS	macho	37.3	14.8	26.0	-3.5	23.9	S	24.2	1012.1	0	1.0	1.1	30.0
-40.584888	-64.99955	2.12.2020	1949	34.98	GPS	macho	37.3	14.8	26.0	-3.5	23.9	S	24.2	1012.1	0	1.0	1.1	30.0
-40.584948	-64.999612	2.12.2020	1954	34.8	GPS	macho	37.3	14.8	26.0	-3.5	23.9	S	24.2	1012.1	0	1.0	1.1	30.0
-40.584889	-64.999562	2.12.2020	1959	34.53	GPS	macho	37.3	14.8	26.0	-3.5	23.9	S	24.2	1012.1	0	1.0	1.1	30.0
-40.584912	-64.99956999999999	2.12.2020	2005	34.59	GPS	macho	37.3	14.8	26.0	-1.4	26.2	SSE	23.2	1011.9	0	1.0	1.1	30.0
-40.584961	-64.999627	2.12.2020	2009	35.11	GPS	macho	37.3	14.8	26.0	-1.4	26.2	SSE	23.2	1011.9	0	1.0	1.1	30.0
-40.584968	-64.99966500000001	2.12.2020	2014	34.65	GPS	macho	37.3	14.8	26.0	-1.4	26.2	SSE	23.2	1011.9	0	1.0	1.1	30.0
-40.584947	-64.99959799999999	2.12.2020	2020	34.34	GPS	macho	37.3	14.8	26.0	-1.4	26.2	SSE	23.2	1011.9	0	1.0	1.1	30.0
-40.584785	-64.999338	2.12.2020	2025	34.62	GPS	macho	37.3	14.8	26.0	-1.4	26.2	SSE	23.2	1011.9	0	1.0	1.1	30.0
-40.584806	-64.999584	2.12.2020	2033	37.11	GPS	macho	37.3	14.8	26.0	-1.4	26.2	SSE	23.2	1011.9	0	1.0	1.1	30.0
-40.584887	-64.999623	2.12.2020	2039	34.63	GPS	macho	37.3	14.8	26.0	-1.4	26.2	SSE	23.2	1011.9	0	1.0	1.1	30.0
-40.584818	-64.99943499999999	2.12.2020	2044	33.75	GPS	macho	37.3	14.8	26.0	-1.4	26.2	SSE	23.2	1011.9	0	1.0	1.1	30.0
-40.584899	-64.999548	2.12.2020	2049	33.39	GPS	macho	37.3	14.8	26.0	-1.4	26.2	SSE	23.2	1011.9	0	1.0	1.1	30.0
-40.584974	-64.999629	2.12.2020	2055	33.59	GPS	macho	37.3	14.8	26.0	-1.4	26.2	SSE	23.2	1011.9	0	1.0	1.1	30.0
-40.584865	-64.999503	2.12.2020	2100	33.96	GPS	macho	37.3	14.8	26.0	0.7	28.6	SSE	22.7	1011.6	0	1.0	1.1	30.0
-40.58488	-64.999615	2.12.2020	2105	33.86	GPS	macho	37.3	14.8	26.0	0.7	28.6	SSE	22.7	1011.6	0	1.0	1.1	30.0
-40.584922	-64.99964	2.12.2020	2110	33.7	GPS	macho	37.3	14.8	26.0	0.7	28.6	SSE	22.7	1011.6	0	1.0	1.1	30.0
-40.584879	-64.999544	2.12.2020	2115	33.76	GPS	macho	37.3	14.8	26.0	0.7	28.6	SSE	22.7	1011.6	0	1.0	1.1	30.0
-40.584874	-64.999484	2.12.2020	2120	33.38	GPS	macho	37.3	14.8	26.0	0.7	28.6	SSE	22.7	1011.6	0	1.0	1.1	30.0
-40.584854	-64.999527	2.12.2020	2125	33.59	GPS	macho	37.3	14.8	26.0	0.7	28.6	SSE	22.7	1011.6	0	1.0	1.1	30.0
-40.584762	-64.99973	2.12.2020	2130	33.48	GPS	macho	37.3	14.8	26.0	0.7	28.6	SSE	22.7	1011.6	0	1.0	1.1	30.0
-40.584927	-64.999487	2.12.2020	2135	33.11	GPS	macho	37.3	14.8	26.0	0.7	28.6	SSE	22.7	1011.6	0	1.0	1.1	30.0
-40.584977	-64.99942	2.12.2020	2140	32.82	GPS	macho	37.3	14.8	26.0	0.7	28.6	SSE	22.7	1011.6	0	1.0	1.1	30.0
-40.584813	-64.999514	2.12.2020	2145	32.63	GPS	macho	37.3	14.8	26.0	0.7	28.6	SSE	22.7	1011.6	0	1.0	1.1	30.0
-40.584878	-64.999494	2.12.2020	2150	32.67	GPS	macho	37.3	14.8	26.0	0.7	28.6	SSE	22.7	1011.6	0	1.0	1.1	30.0
-40.58488300000001	-64.999514	2.12.2020	2155	32.89	GPS	macho	37.3	14.8	26.0	0.7	28.6	SSE	22.7	1011.6	0	1.0	1.1	30.0
-40.584819	-64.999548	2.12.2020	2200	32.79	GPS	macho	35.3	14.8	17.4	2.9	31.7	SE	22.2	1011.4	0	1.0	1.1	30.0
-40.584893	-64.999517	2.12.2020	2205	32.89	GPS	macho	35.3	14.8	17.4	2.9	31.7	SE	22.2	1011.4	0	1.0	1.1	30.0
-40.584854	-64.999522	2.12.2020	2210	32.54	GPS	macho	35.3	14.8	17.4	2.9	31.7	SE	22.2	1011.4	0	1.0	1.1	30.0
-40.58486	-64.99953199999999	2.12.2020	2215	32.52	GPS	macho	35.3	14.8	17.4	2.9	31.7	SE	22.2	1011.4	0	1.0	1.1	30.0
-40.584805	-64.999537	2.12.2020	2220	32.12	GPS	macho	35.3	14.8	17.4	2.9	31.7	SE	22.2	1011.4	0	1.0	1.1	30.0
-40.585076	-64.99941700000001	2.12.2020	2225	31.86	GPS	macho	35.3	14.8	17.4	2.9	31.7	SE	22.2	1011.4	0	1.0	1.1	30.0
-40.584885	-64.9995	2.12.2020	2230	31.62	GPS	macho	35.3	14.8	17.4	2.9	31.7	SE	22.2	1011.4	0	1.0	1.1	30.0
-40.584846	-64.999521	2.12.2020	2235	31.34	GPS	macho	35.3	14.8	17.4	2.9	31.7	SE	22.2	1011.4	0	1.0	1.1	30.0
-40.584875	-64.999464	2.12.2020	2240	31.09	GPS	macho	35.3	14.8	17.4	2.9	31.7	SE	22.2	1011.4	0	1.0	1.1	30.0
-40.58488300000001	-64.999535	2.12.2020	2245	30.92	GPS	macho	35.3	14.8	17.4	2.9	31.7	SE	22.2	1011.4	0	1.0	1.1	30.0
-40.584931	-64.99958199999999	2.12.2020	2251	30.74	GPS	macho	35.3	14.8	17.4	2.9	31.7	SE	22.2	1011.4	0	1.0	1.1	30.0
-40.584851	-64.999545	2.12.2020	2256	30.72	GPS	macho	35.3	14.8	17.4	2.9	31.7	SE	22.2	1011.4	0	1.0	1.1	30.0
-40.58483	-64.999564	2.12.2020	2301	30.67	GPS	macho	27.1	14.8	17.4	4.3	34.9	SE	22.2	1011.2	0	0.9	1.1	30.0
-40.584798	-64.999477	2.12.2020	2306	30.4	GPS	macho	27.1	14.8	17.4	4.3	34.9	SE	22.2	1011.2	0	0.9	1.1	30.0
-40.584874	-64.999499	2.12.2020	2311	29.99	GPS	macho	27.1	14.8	17.4	4.3	34.9	SE	22.2	1011.2	0	0.9	1.1	30.0
-40.584859	-64.999526	2.12.2020	2316	29.68	GPS	macho	27.1	14.8	17.4	4.3	34.9	SE	22.2	1011.2	0	0.9	1.1	30.0
-40.584851	-64.999465	2.12.2020	2321	29.31	GPS	macho	27.1	14.8	17.4	4.3	34.9	SE	22.2	1011.2	0	0.9	1.1	30.0
-40.584742	-64.999399	2.12.2020	2326	28.92	GPS	macho	27.1	14.8	17.4	4.3	34.9	SE	22.2	1011.2	0	0.9	1.1	30.0
-40.584813	-64.999482	2.12.2020	2331	28.65	GPS	macho	27.1	14.8	17.4	4.3	34.9	SE	22.2	1011.2	0	0.9	1.1	30.0
-40.584868	-64.999538	2.12.2020	2336	28.56	GPS	macho	27.1	14.8	17.4	4.3	34.9	SE	22.2	1011.2	0	0.9	1.1	30.0
-40.584801	-64.999439	2.12.2020	2341	28.48	GPS	macho	27.1	14.8	17.4	4.3	34.9	SE	22.2	1011.2	0	0.9	1.1	30.0
-40.584837	-64.999546	2.12.2020	2346	27.83	GPS	macho	27.1	14.8	17.4	4.3	34.9	SE	22.2	1011.2	0	0.9	1.1	30.0
-40.584954	-64.999655	2.12.2020	2351	27.7	GPS	macho	27.1	14.8	17.4	4.3	34.9	SE	22.2	1011.2	0	0.9	1.1	30.0
-40.58491	-64.999542	2.12.2020	2356	27.51	GPS	macho	27.1	14.8	17.4	4.3	34.9	SE	22.2	1011.2	0	0.9	1.1	30.0
