lat	lon	date	time	tempIMU	metodologia	sexo	tempmax(C)	tempmin(C)	tempmed(C)	Temprocíomediadiaria(C)	Humedadrelativadiaria(%)	vientodir	viento(km/h)vel	Presionsobreniveldelmar(Hp)	Prec(mm)	NubesTotOct	NubbajOct	Vis(km)
-40.584878	-64.999522	3.12.2020	1	27.26	GPS	macho	23.4	14.8	19.1	5.1	36.7	SE	22.2	1011.6	0	0.8	1.1	30.0
-40.584854	-64.99947399999999	3.12.2020	6	26.99	GPS	macho	23.4	14.8	19.1	5.1	36.7	SE	22.2	1011.6	0	0.8	1.1	30.0
-40.584866	-64.999551	3.12.2020	11	26.71	GPS	macho	23.4	14.8	19.1	5.1	36.7	SE	22.2	1011.6	0	0.8	1.1	30.0
-40.584887	-64.999579	3.12.2020	16	26.49	GPS	macho	23.4	14.8	19.1	5.1	36.7	SE	22.2	1011.6	0	0.8	1.1	30.0
-40.585164	-64.999655	3.12.2020	21	26.26	GPS	macho	23.4	14.8	19.1	5.1	36.7	SE	22.2	1011.6	0	0.8	1.1	30.0
-40.584874	-64.999578	3.12.2020	26	26.02	GPS	macho	23.4	14.8	19.1	5.1	36.7	SE	22.2	1011.6	0	0.8	1.1	30.0
-40.584853	-64.99961400000001	3.12.2020	31	25.89	GPS	macho	23.4	14.8	19.1	5.1	36.7	SE	22.2	1011.6	0	0.8	1.1	30.0
-40.584849	-64.999571	3.12.2020	36	25.83	GPS	macho	23.4	14.8	19.1	5.1	36.7	SE	22.2	1011.6	0	0.8	1.1	30.0
-40.584906	-64.99945699999999	3.12.2020	42	25.67	GPS	macho	23.4	14.8	19.1	5.1	36.7	SE	22.2	1011.6	0	0.8	1.1	30.0
-40.584831	-64.999555	3.12.2020	46	25.78	GPS	macho	23.4	14.8	19.1	5.1	36.7	SE	22.2	1011.6	0	0.8	1.1	30.0
-40.584807	-64.999635	3.12.2020	51	25.24	GPS	macho	23.4	14.8	19.1	5.1	36.7	SE	22.2	1011.6	0	0.8	1.1	30.0
-40.584833	-64.999542	3.12.2020	56	24.95	GPS	macho	23.4	14.8	19.1	5.1	36.7	SE	22.2	1011.6	0	0.8	1.1	30.0
-40.584823	-64.999502	3.12.2020	101	24.75	GPS	macho	23.4	14.8	19.7	5.1	36.7	SE	22.2	1011.6	0	0.8	1.1	30.0
-40.584824	-64.999306	3.12.2020	106	24.59	GPS	macho	23.4	14.8	19.7	5.1	36.7	SE	22.2	1011.6	0	0.8	1.1	30.0
-40.58479000000001	-64.99932	3.12.2020	111	24.44	GPS	macho	23.4	14.8	19.7	5.1	36.7	SE	22.2	1011.6	0	0.8	1.1	30.0
-40.584755	-64.999025	3.12.2020	116	24.27	GPS	macho	23.4	14.8	19.7	5.1	36.7	SE	22.2	1011.6	0	0.8	1.1	30.0
-40.584868	-64.99947399999999	3.12.2020	121	24.12	GPS	macho	23.4	14.8	19.7	5.1	36.7	SE	22.2	1011.6	0	0.8	1.1	30.0
-40.584878	-64.999526	3.12.2020	127	24.02	GPS	macho	23.4	14.8	19.7	5.1	36.7	SE	22.2	1011.6	0	0.8	1.1	30.0
-40.58492800000001	-64.999324	3.12.2020	132	24.08	GPS	macho	23.4	14.8	19.7	5.1	36.7	SE	22.2	1011.6	0	0.8	1.1	30.0
-40.584799	-64.99962099999999	3.12.2020	136	23.94	GPS	macho	23.4	14.8	19.7	5.1	36.7	SE	22.2	1011.6	0	0.8	1.1	30.0
-40.584851	-64.99959100000001	3.12.2020	142	23.81	GPS	macho	23.4	14.8	19.7	5.1	36.7	SE	22.2	1011.6	0	0.8	1.1	30.0
-40.584888	-64.999595	3.12.2020	147	23.73	GPS	macho	23.4	14.8	19.7	5.1	36.7	SE	22.2	1011.6	0	0.8	1.1	30.0
-40.584874	-64.999592	3.12.2020	152	23.67	GPS	macho	23.4	14.8	19.7	5.1	36.7	SE	22.2	1011.6	0	0.8	1.1	30.0
-40.584906	-64.999539	3.12.2020	157	23.66	GPS	macho	23.4	14.8	19.7	5.1	36.7	SE	22.2	1011.6	0	0.8	1.1	30.0
-40.58488300000001	-64.99964	3.12.2020	202	23.57	GPS	macho	23.4	14.8	19.7	5.1	36.7	SE	22.2	1011.6	0	0.8	1.1	30.0
-40.584916	-64.99958000000001	3.12.2020	207	23.49	GPS	macho	23.4	14.8	19.7	5.1	36.7	SE	22.2	1011.6	0	0.8	1.1	30.0
-40.584874	-64.999596	3.12.2020	212	23.46	GPS	macho	23.4	14.8	19.7	5.1	36.7	SE	22.2	1011.6	0	0.8	1.1	30.0
-40.584918	-64.999569	3.12.2020	217	23.43	GPS	macho	23.4	14.8	19.7	5.1	36.7	SE	22.2	1011.6	0	0.8	1.1	30.0
-40.58495300000001	-64.999658	3.12.2020	222	23.35	GPS	macho	23.4	14.8	19.7	5.1	36.7	SE	22.2	1011.6	0	0.8	1.1	30.0
-40.584972	-64.999702	3.12.2020	228	24.43	GPS	macho	23.4	14.8	19.7	5.1	36.7	SE	22.2	1011.6	0	0.8	1.1	30.0
-40.584956	-64.999735	3.12.2020	232	24.5	GPS	macho	23.4	14.8	19.7	5.1	36.7	SE	22.2	1011.6	0	0.8	1.1	30.0
-40.584685	-64.999465	3.12.2020	242	23.46	GPS	macho	23.4	14.8	19.7	5.1	36.7	SE	22.2	1011.6	0	0.8	1.1	30.0
-40.584646	-64.99950799999999	3.12.2020	247	23.41	GPS	macho	23.4	14.8	19.7	5.1	36.7	SE	22.2	1011.6	0	0.8	1.1	30.0
-40.584661	-64.99947	3.12.2020	252	23.3	GPS	macho	23.4	14.8	19.7	5.1	36.7	SE	22.2	1011.6	0	0.8	1.1	30.0
-40.584611	-64.99945600000001	3.12.2020	257	23.32	GPS	macho	23.4	14.8	19.7	5.1	36.7	SE	22.2	1011.6	0	0.8	1.1	30.0
-40.584588	-64.999375	3.12.2020	302	23.25	GPS	macho	23.4	14.8	19.7	5.1	36.7	SE	22.2	1011.6	0	0.8	1.1	30.0
-40.58461	-64.999377	3.12.2020	308	23.21	GPS	macho	23.4	14.8	19.7	5.1	36.7	SE	22.2	1011.6	0	0.8	1.1	30.0
-40.58488300000001	-64.99955600000001	3.12.2020	313	23.34	GPS	macho	23.4	14.8	19.7	5.1	36.7	SE	22.2	1011.6	0	0.8	1.1	30.0
-40.584831	-64.999554	3.12.2020	317	23.41	GPS	macho	23.4	14.8	19.7	5.1	36.7	SE	22.2	1011.6	0	0.8	1.1	30.0
-40.584826	-64.999535	3.12.2020	323	23.1	GPS	macho	23.4	14.8	19.7	5.1	36.7	SE	22.2	1011.6	0	0.8	1.1	30.0
-40.584891	-64.99955200000001	3.12.2020	327	23.05	GPS	macho	23.4	14.8	19.7	5.1	36.7	SE	22.2	1011.6	0	0.8	1.1	30.0
-40.584776	-64.99956	3.12.2020	332	22.81	GPS	macho	23.4	14.8	19.7	5.1	36.7	SE	22.2	1011.6	0	0.8	1.1	30.0
-40.58485200000001	-64.999526	3.12.2020	337	22.65	GPS	macho	23.4	14.8	19.7	5.1	36.7	SE	22.2	1011.6	0	0.8	1.1	30.0
-40.584832	-64.999531	3.12.2020	343	22.55	GPS	macho	23.4	14.8	19.7	5.1	36.7	SE	22.2	1011.6	0	0.8	1.1	30.0
-40.584796	-64.999477	3.12.2020	347	22.51	GPS	macho	23.4	14.8	19.7	5.1	36.7	SE	22.2	1011.6	0	0.8	1.1	30.0
-40.584817	-64.999561	3.12.2020	352	22.4	GPS	macho	23.4	14.8	19.7	5.1	36.7	SE	22.2	1011.6	0	0.8	1.1	30.0
-40.584849	-64.999553	3.12.2020	400	24.04	GPS	macho	23.4	14.8	19.7	5.1	36.7	SE	22.2	1011.6	0	0.8	1.1	30.0
-40.584876	-64.999548	3.12.2020	403	24.08	GPS	macho	23.4	14.8	19.7	5.1	36.7	SE	22.2	1011.6	0	0.8	1.1	30.0
-40.584855	-64.999534	3.12.2020	408	23.01	GPS	macho	23.4	14.8	19.7	5.1	36.7	SE	22.2	1011.6	0	0.8	1.1	30.0
-40.584815	-64.999502	3.12.2020	413	22.82	GPS	macho	23.4	14.8	19.7	5.1	36.7	SE	22.2	1011.6	0	0.8	1.1	30.0
-40.584904	-64.999484	3.12.2020	418	22.99	GPS	macho	23.4	14.8	19.7	5.1	36.7	SE	22.2	1011.6	0	0.8	1.1	30.0
-40.584856	-64.999587	3.12.2020	423	23.1	GPS	macho	23.4	14.8	19.7	5.1	36.7	SE	22.2	1011.6	0	0.8	1.1	30.0
-40.584903	-64.999534	3.12.2020	428	23.17	GPS	macho	23.4	14.8	19.7	5.1	36.7	SE	22.2	1011.6	0	0.8	1.1	30.0
-40.584849	-64.999558	3.12.2020	433	23.03	GPS	macho	23.4	14.8	19.7	5.1	36.7	SE	22.2	1011.6	0	0.8	1.1	30.0
-40.584873	-64.999566	3.12.2020	438	23.12	GPS	macho	23.4	14.8	19.7	5.1	36.7	SE	22.2	1011.6	0	0.8	1.1	30.0
-40.584781	-64.99945	3.12.2020	443	23.23	GPS	macho	23.4	14.8	19.7	5.1	36.7	SE	22.2	1011.6	0	0.8	1.1	30.0
-40.584827	-64.999577	3.12.2020	448	23.66	GPS	macho	23.4	14.8	19.7	5.1	36.7	SE	22.2	1011.6	0	0.8	1.1	30.0
-40.58487	-64.999514	3.12.2020	453	23.9	GPS	macho	23.4	14.8	19.7	5.1	36.7	SE	22.2	1011.6	0	0.8	1.1	30.0
-40.584809	-64.999583	3.12.2020	458	23.84	GPS	macho	23.4	14.8	19.7	5.1	36.7	SE	22.2	1011.6	0	0.8	1.1	30.0
-40.58494	-64.999685	3.12.2020	503	24.07	GPS	macho	23.4	14.8	19.7	5.1	36.7	SE	22.2	1011.6	0	0.8	1.1	30.0
-40.584904	-64.99961400000001	3.12.2020	508	24.18	GPS	macho	23.4	14.8	19.7	5.1	36.7	SE	22.2	1011.6	0	0.8	1.1	30.0
-40.584858	-64.99959100000001	3.12.2020	514	24.33	GPS	macho	23.4	14.8	19.7	5.1	36.7	SE	22.2	1011.6	0	0.8	1.1	30.0
-40.584906	-64.999636	3.12.2020	521	26.89	GPS	macho	23.4	14.8	19.7	5.1	36.7	SE	22.2	1011.6	0	0.8	1.1	30.0
-40.58485	-64.99948	3.12.2020	1149	*	yagui	macho	23.4	18.4	20.9	5.1	36.7	SE	22.2	1011.6	*	0.8	1.1	30.0
-40.58486	-64.99954	3.12.2020	1226	*	yagui	macho	23.4	12.8	18.1	4.8	36.2	SE	23.0	1011.6	0	0.8	1	30.0
-40.5849	-64.99956	3.12.2020	1314	*	yagui	macho	23.4	12.8	18.1	4.4	35.6	SE	23.7	1011.7	0	0.8	1	30.0
-40.58517	-64.99951999999999	3.12.2020	1558	*	yagui	macho	23.4	12.8	18.1	3.7	34.5	SE	24.9	1012.1	0	0.9	1	30.0
-40.585229	-64.999538	3.12.2020	1608	34.93	GPS	macho	23.4	12.8	18.1	3.7	34.7	SE	25.5	1012.3	0	0.9	0.9	30.0
-40.585175	-64.99955600000001	3.12.2020	1613	37.64	GPS	macho	23.4	12.8	18.1	3.7	34.7	SE	25.5	1012.3	0	0.9	0.9	30.0
-40.58522	-64.999477	3.12.2020	1619	47.89	GPS	macho	23.4	12.8	18.1	3.7	34.7	SE	25.5	1012.3	0	0.9	0.9	30.0
-40.585338	-64.999527	3.12.2020	1624	51.13	GPS	macho	23.4	12.8	18.1	3.7	34.7	SE	25.5	1012.3	0	0.9	0.9	30.0
-40.585283	-64.99945600000001	3.12.2020	1629	51.51	GPS	macho	23.4	12.8	18.1	3.7	34.7	SE	25.5	1012.3	0	0.9	0.9	30.0
-40.585306	-64.999487	3.12.2020	1634	51.35	GPS	macho	23.4	12.8	18.1	3.7	34.7	SE	25.5	1012.3	0	0.9	0.9	30.0
-40.585285	-64.999475	3.12.2020	1639	50.78	GPS	macho	23.4	12.8	18.1	3.7	34.7	SE	25.5	1012.3	0	0.9	0.9	30.0
-40.585313	-64.99950799999999	3.12.2020	1644	40.91	GPS	macho	23.4	12.8	18.1	3.7	34.7	SE	25.5	1012.3	0	0.9	0.9	30.0
-40.585347	-64.99949000000001	3.12.2020	1649	40.08	GPS	macho	23.4	12.8	18.1	3.7	34.7	SE	25.5	1012.3	0	0.9	0.9	30.0
-40.585435	-64.999483	3.12.2020	1654	41.47	GPS	macho	23.4	12.8	18.1	3.7	34.7	SE	25.5	1012.3	0	0.9	0.9	30.0
-40.58571	-64.999685	3.12.2020	1704	34.73	GPS	macho	23.4	12.8	18.1	3.4	34.2	SE	26.1	1012.6	0	0.8	0.9	30.0
-40.585627	-64.99960300000001	3.12.2020	1719	51.38	GPS	macho	23.4	12.8	18.1	3.4	34.2	SE	26.1	1012.6	0	0.8	0.9	30.0
-40.585623	-64.99969399999999	3.12.2020	1724	42.46	GPS	macho	23.4	12.8	18.1	3.4	34.2	SE	26.1	1012.6	0	0.8	0.9	30.0
-40.585569	-64.999633	3.12.2020	1729	36.96	GPS	macho	23.4	12.8	18.1	3.4	34.2	SE	26.1	1012.6	0	0.8	0.9	30.0
-40.585613	-64.99969499999999	3.12.2020	1734	46.41	GPS	macho	23.4	12.8	18.1	3.4	34.2	SE	26.1	1012.6	0	0.8	0.9	30.0
-40.585622	-64.999698	3.12.2020	1739	38.98	GPS	macho	23.4	12.8	18.1	3.4	34.2	SE	26.1	1012.6	0	0.8	0.9	30.0
-40.58557	-64.999633	3.12.2020	1744	36.14	GPS	macho	23.4	12.8	18.1	3.4	34.2	SE	26.1	1012.6	0	0.8	0.9	30.0
-40.585603000000006	-64.99979499999999	3.12.2020	1749	34.14	GPS	macho	23.4	12.8	18.1	3.4	34.2	SE	26.1	1012.6	0	0.8	0.9	30.0
-40.585615	-64.99970400000001	3.12.2020	1754	33.45	GPS	macho	23.4	12.8	18.1	3.4	34.2	SE	26.1	1012.6	0	0.8	0.9	30.0
-40.585541	-64.999672	3.12.2020	1759	34.39	GPS	macho	23.4	12.8	18.1	3.4	34.2	SE	26.1	1012.6	0	0.8	0.9	30.0
-40.58550200000001	-64.99959799999999	3.12.2020	1805	40.43	GPS	macho	23.4	12.8	18.1	3.3	34.5	SE	26.1	1012.9	0	0.8	0.9	30.0
-40.585544	-64.999558	3.12.2020	1809	43.12	GPS	macho	23.4	12.8	18.1	3.3	34.5	SE	26.1	1012.9	0	0.8	0.9	30.0
-40.585519	-64.999688	3.12.2020	1814	46.45	GPS	macho	23.4	12.8	18.1	3.3	34.5	SE	26.1	1012.9	0	0.8	0.9	30.0
-40.585517	-64.999719	3.12.2020	1819	42.89	GPS	macho	23.4	12.8	18.1	3.3	34.5	SE	26.1	1012.9	0	0.8	0.9	30.0
-40.585546	-64.999705	3.12.2020	1824	36.76	GPS	macho	23.4	12.8	18.1	3.3	34.5	SE	26.1	1012.9	0	0.8	0.9	30.0
-40.585544	-64.99968299999999	3.12.2020	1829	42.28	GPS	macho	23.4	12.8	18.1	3.3	34.5	SE	26.1	1012.9	0	0.8	0.9	30.0
-40.585628	-64.999768	3.12.2020	1834	46.77	GPS	macho	23.4	12.8	18.1	3.3	34.5	SE	26.1	1012.9	0	0.8	0.9	30.0
-40.585697	-64.999779	3.12.2020	1839	48.94	GPS	macho	23.4	12.8	18.1	3.3	34.5	SE	26.1	1012.9	0	0.8	0.9	30.0
-40.585758	-64.99979599999999	3.12.2020	1844	50.43	GPS	macho	23.4	12.8	18.1	3.3	34.5	SE	26.1	1012.9	0	0.8	0.9	30.0
-40.585763	-64.999769	3.12.2020	1849	51.39	GPS	macho	23.4	12.8	18.1	3.3	34.5	SE	26.1	1012.9	0	0.8	0.9	30.0
-40.585766	-64.999836	3.12.2020	1854	49.67	GPS	macho	23.4	12.8	18.1	3.3	34.5	SE	26.1	1012.9	0	0.8	0.9	30.0
-40.585799	-64.999811	3.12.2020	1859	44.01	GPS	macho	23.4	12.8	18.1	3.3	34.5	SE	26.1	1012.9	0	0.8	0.9	30.0
-40.585799	-64.99981700000001	3.12.2020	1904	41	GPS	macho	23.4	12.8	18.1	3.0	34.3	SE	26.1	1013.4	0	0.7	0.9	30.0
-40.585751	-64.999987	3.12.2020	1909	40.01	GPS	macho	23.4	12.8	18.1	3.0	34.3	SE	26.1	1013.4	0	0.7	0.9	30.0
-40.585791	-64.99985699999999	3.12.2020	1914	39.66	GPS	macho	23.4	12.8	18.1	3.0	34.3	SE	26.1	1013.4	0	0.7	0.9	30.0
-40.585821	-64.999843	3.12.2020	1920	38.88	GPS	macho	23.4	12.8	18.1	3.0	34.3	SE	26.1	1013.4	0	0.7	0.9	30.0
-40.585817	-64.999829	3.12.2020	1925	38.59	GPS	macho	23.4	12.8	18.1	3.0	34.3	SE	26.1	1013.4	0	0.7	0.9	30.0
-40.585713	-64.99990799999999	3.12.2020	1930	37.89	GPS	macho	23.4	12.8	18.1	3.0	34.3	SE	26.1	1013.4	0	0.7	0.9	30.0
-40.585774	-64.999863	3.12.2020	1935	37.49	GPS	macho	23.4	12.8	18.1	3.0	34.3	SE	26.1	1013.4	0	0.7	0.9	30.0
-40.585806	-64.999829	3.12.2020	1940	37.12	GPS	macho	23.4	12.8	18.1	3.0	34.3	SE	26.1	1013.4	0	0.7	0.9	30.0
-40.585715	-64.999634	3.12.2020	1945	36.6	GPS	macho	23.4	12.8	18.1	3.0	34.3	SE	26.1	1013.4	0	0.7	0.9	30.0
-40.58578	-64.999814	3.12.2020	1950	36.55	GPS	macho	23.4	12.8	18.1	3.0	34.3	SE	26.1	1013.4	0	0.7	0.9	30.0
-40.585914	-64.999933	3.12.2020	1955	36.34	GPS	macho	23.4	12.8	18.1	3.0	34.3	SE	26.1	1013.4	0	0.7	0.9	30.0
-40.585825	-64.999865	3.12.2020	2000	36.17	GPS	macho	23.4	12.8	18.1	2.7	34.0	SE	25.4	1013.9	0	0.6	0.9	30.0
-40.58584000000001	-64.999845	3.12.2020	2005	35.46	GPS	macho	23.4	12.8	18.1	2.7	34.0	SE	25.4	1013.9	0	0.6	0.9	30.0
-40.585797	-64.99979599999999	3.12.2020	2010	35.22	GPS	macho	23.4	12.8	18.1	2.7	34.0	SE	25.4	1013.9	0	0.6	0.9	30.0
-40.585852	-64.999862	3.12.2020	2015	34.6	GPS	macho	23.4	12.8	18.1	2.7	34.0	SE	25.4	1013.9	0	0.6	0.9	30.0
-40.58580300000001	-64.999829	3.12.2020	2020	34.34	GPS	macho	23.4	12.8	18.1	2.7	34.0	SE	25.4	1013.9	0	0.6	0.9	30.0
-40.585818	-64.99981600000001	3.12.2020	2025	33.79	GPS	macho	23.4	12.8	18.1	2.7	34.0	SE	25.4	1013.9	0	0.6	0.9	30.0
-40.58587	-64.999851	3.12.2020	2030	33.5	GPS	macho	23.4	12.8	18.1	2.7	34.0	SE	25.4	1013.9	0	0.6	0.9	30.0
-40.585868	-64.999874	3.12.2020	2035	32.99	GPS	macho	23.4	12.8	18.1	2.7	34.0	SE	25.4	1013.9	0	0.6	0.9	30.0
-40.585808	-64.999775	3.12.2020	2040	32.57	GPS	macho	23.4	12.8	18.1	2.7	34.0	SE	25.4	1013.9	0	0.6	0.9	30.0
-40.5858	-64.99976600000001	3.12.2020	2045	32.3	GPS	macho	23.4	12.8	18.1	2.7	34.0	SE	25.4	1013.9	0	0.6	0.9	30.0
-40.585827	-64.999814	3.12.2020	2050	32.12	GPS	macho	23.4	12.8	18.1	2.7	34.0	SE	25.4	1013.9	0	0.6	0.9	30.0
-40.585794	-64.999804	3.12.2020	2055	31.8	GPS	macho	23.4	12.8	18.1	2.7	34.0	SE	25.4	1013.9	0	0.6	0.9	30.0
-40.585816	-64.999804	3.12.2020	2100	31.47	GPS	macho	23.4	12.8	18.1	2.6	34.5	SE	25.4	1014.6	0	0.5	0.8	30.0
-40.585701	-64.99959399999999	3.12.2020	2105	30.98	GPS	macho	23.4	12.8	18.1	2.6	34.5	SE	25.4	1014.6	0	0.5	0.8	30.0
-40.585774	-64.99972	3.12.2020	2110	30.51	GPS	macho	23.4	12.8	18.1	2.6	34.5	SE	25.4	1014.6	0	0.5	0.8	30.0
-40.585801	-64.99975500000001	3.12.2020	2115	30.33	GPS	macho	23.4	12.8	18.1	2.6	34.5	SE	25.4	1014.6	0	0.5	0.8	30.0
-40.585828	-64.999799	3.12.2020	2121	29.9	GPS	macho	23.4	12.8	18.1	2.6	34.5	SE	25.4	1014.6	0	0.5	0.8	30.0
-40.585903	-64.999886	3.12.2020	2125	29.74	GPS	macho	23.4	12.8	18.1	2.6	34.5	SE	25.4	1014.6	0	0.5	0.8	30.0
-40.585818	-64.99978399999999	3.12.2020	2131	29.35	GPS	macho	23.4	12.8	18.1	2.6	34.5	SE	25.4	1014.6	0	0.5	0.8	30.0
-40.585847	-64.999818	3.12.2020	2135	29.3	GPS	macho	23.4	12.8	18.1	2.6	34.5	SE	25.4	1014.6	0	0.5	0.8	30.0
-40.58579	-64.999874	3.12.2020	2140	28.52	GPS	macho	23.4	12.8	18.1	2.6	34.5	SE	25.4	1014.6	0	0.5	0.8	30.0
-40.585811	-64.999799	3.12.2020	2145	27.78	GPS	macho	23.4	12.8	18.1	2.6	34.5	SE	25.4	1014.6	0	0.5	0.8	30.0
-40.585807	-64.99979599999999	3.12.2020	2150	27.2	GPS	macho	23.4	12.8	18.1	2.6	34.5	SE	25.4	1014.6	0	0.5	0.8	30.0
-40.585821	-64.999813	3.12.2020	2156	26.72	GPS	macho	23.4	12.8	18.1	2.6	34.5	SE	25.4	1014.6	0	0.5	0.8	30.0
-40.585816	-64.999799	3.12.2020	2201	26.23	GPS	macho	21.4	12.8	16.3	2.0	33.7	SE	26.2	1015.4	0	0.5	0.8	30.0
-40.585816	-64.999798	3.12.2020	2206	25.75	GPS	macho	21.4	12.8	16.3	2.0	33.7	SE	26.2	1015.4	0	0.5	0.8	30.0
-40.585841	-64.99985600000001	3.12.2020	2211	25.37	GPS	macho	21.4	12.8	16.3	2.0	33.7	SE	26.2	1015.4	0	0.5	0.8	30.0
-40.585788	-64.999824	3.12.2020	2216	24.97	GPS	macho	21.4	12.8	16.3	2.0	33.7	SE	26.2	1015.4	0	0.5	0.8	30.0
-40.585814	-64.999815	3.12.2020	2221	24.61	GPS	macho	21.4	12.8	16.3	2.0	33.7	SE	26.2	1015.4	0	0.5	0.8	30.0
-40.585815	-64.999814	3.12.2020	2226	24.11	GPS	macho	21.4	12.8	16.3	2.0	33.7	SE	26.2	1015.4	0	0.5	0.8	30.0
-40.585814	-64.999808	3.12.2020	2231	23.76	GPS	macho	21.4	12.8	16.3	2.0	33.7	SE	26.2	1015.4	0	0.5	0.8	30.0
-40.585818	-64.999806	3.12.2020	2236	23.42	GPS	macho	21.4	12.8	16.3	2.0	33.7	SE	26.2	1015.4	0	0.5	0.8	30.0
-40.585879	-64.999813	3.12.2020	2241	23.1	GPS	macho	21.4	12.8	16.3	2.0	33.7	SE	26.2	1015.4	0	0.5	0.8	30.0
-40.58583400000001	-64.999852	3.12.2020	2246	22.65	GPS	macho	21.4	12.8	16.3	2.0	33.7	SE	26.2	1015.4	0	0.5	0.8	30.0
-40.585847	-64.999863	3.12.2020	2251	22.28	GPS	macho	21.4	12.8	16.3	2.0	33.7	SE	26.2	1015.4	0	0.5	0.8	30.0
-40.58577	-64.999794	3.12.2020	2256	21.92	GPS	macho	21.4	12.8	16.3	2.0	33.7	SE	26.2	1015.4	0	0.5	0.8	30.0
-40.585816	-64.999749	3.12.2020	2301	21.63	GPS	macho	20.0	12.8	16.3	1.7	32.9	SE	25.4	1016.2	0	0.5	0.8	30.0
-40.585868	-64.99988	3.12.2020	2306	21.33	GPS	macho	20.0	12.8	16.3	1.7	32.9	SE	25.4	1016.2	0	0.5	0.8	30.0
-40.58570200000001	-64.999765	3.12.2020	2311	20.94	GPS	macho	20.0	12.8	16.3	1.7	32.9	SE	25.4	1016.2	0	0.5	0.8	30.0
-40.58585	-64.99986	3.12.2020	2315	*	yagui	macho	20.0	12.8	16.3	1.7	32.9	SE	25.4	1016.2	0	0.5	0.8	30.0
-40.585859	-64.999862	3.12.2020	2316	20.71	GPS	macho	20.0	12.8	16.3	1.7	32.9	SE	25.4	1016.2	0	0.5	0.8	30.0
