lat	lon	date	time	tempIMU	metodologia	sexo	tempmax(C)	tempmin(C)	tempmed(C)	Temprocíomediadiaria(C)	Humedadrelativadiaria(%)	vientodir	viento(km/h)vel	Presionsobreniveldelmar(Hp)	Prec(mm)	NubesTotOct	NubbajOct	Vis(km)
-40.58208	-64.99676	1.12.2020	1123	*	yagui	macho	34.0	18.5	26.2	-7.4	10.3	NW	33.9	1015.0	0.6	0.2	*	30.0
-40.582105	-64.996773	1.12.2020	1132	29	GPS	macho	34.0	18.5	26.2	-7.4	10.3	NW	33.9	1015.0	*	0.6	0.2	30.0
-40.5822	-64.996746	1.12.2020	1137	30.47	GPS	macho	34.0	18.5	26.2	-7.4	10.3	NW	33.9	1015.0	*	0.6	0.2	30.0
-40.58227700000001	-64.996942	1.12.2020	1142	30.41	GPS	macho	34.0	18.5	26.2	-7.4	10.3	NW	33.9	1015.0	*	0.6	0.2	30.0
-40.582422	-64.997084	1.12.2020	1147	31.12	GPS	macho	34.0	18.5	26.2	-7.4	10.3	NW	33.9	1015.0	*	0.6	0.2	30.0
-40.58251	-64.997163	1.12.2020	1152	32.3	GPS	macho	34.0	18.5	26.2	-7.4	10.3	NW	33.9	1015.0	*	0.6	0.2	30.0
-40.582582	-64.997287	1.12.2020	1157	33.8	GPS	macho	34.0	18.5	26.2	-7.4	10.3	NW	33.9	1015.0	*	0.6	0.2	30.0
-40.58251	-64.997274	1.12.2020	1202	35.87	GPS	macho	34.0	18.5	26.2	-7.0	10.4	NW	33.1	1008.8	0	0.6	0.2	30.0
-40.58242	-64.997217	1.12.2020	1207	40.28	GPS	macho	34.0	18.5	26.2	-7.0	10.4	NW	33.1	1008.8	0	0.6	0.2	30.0
-40.582421	-64.997212	1.12.2020	1212	39.8	GPS	macho	34.0	18.5	26.2	-7.0	10.4	NW	33.1	1008.8	0	0.6	0.2	30.0
-40.582377	-64.997134	1.12.2020	1217	42.78	GPS	macho	34.0	18.5	26.2	-7.0	10.4	NW	33.1	1008.8	0	0.6	0.2	30.0
-40.582337	-64.99714200000001	1.12.2020	1222	46.23	GPS	macho	34.0	18.5	26.2	-7.0	10.4	NW	33.1	1008.8	0	0.6	0.2	30.0
-40.582364	-64.997152	1.12.2020	1227	48.31	GPS	macho	34.0	18.5	26.2	-7.0	10.4	NW	33.1	1008.8	0	0.6	0.2	30.0
-40.582338	-64.99711500000001	1.12.2020	1232	50.31	GPS	macho	34.0	18.5	26.2	-7.0	10.4	NW	33.1	1008.8	0	0.6	0.2	30.0
-40.582436	-64.997229	1.12.2020	1237	50.57	GPS	macho	34.0	18.5	26.2	-7.0	10.4	NW	33.1	1008.8	0	0.6	0.2	30.0
-40.58257	-64.997186	1.12.2020	1242	44.99	GPS	macho	34.0	18.5	26.2	-7.0	10.4	NW	33.1	1008.8	0	0.6	0.2	30.0
-40.582792	-64.997456	1.12.2020	1247	44.63	GPS	macho	34.0	18.5	26.2	-7.0	10.4	NW	33.1	1008.8	0	0.6	0.2	30.0
-40.583788	-64.99927	1.12.2020	1312	38.84	GPS	macho	34.0	18.5	26.2	-7.2	9.8	NW	31.8	1008.8	0	0.6	0.2	30.0
-40.583901	-64.999466	1.12.2020	1317	41.46	GPS	macho	34.0	18.5	26.2	-7.2	9.8	NW	31.8	1008.8	0	0.6	0.2	30.0
-40.584139	-64.999749	1.12.2020	1322	43.19	GPS	macho	34.0	18.5	26.2	-7.2	9.8	NW	31.8	1008.8	0	0.6	0.2	30.0
-40.584348	-64.999903	1.12.2020	1327	45.7	GPS	macho	34.0	18.5	26.2	-7.2	9.8	NW	31.8	1008.8	0	0.6	0.2	30.0
-40.584474	-64.999955	1.12.2020	1332	43.44	GPS	macho	34.0	18.5	26.2	-7.2	9.8	NW	31.8	1008.8	0	0.6	0.2	30.0
-40.583862	-64.998615	1.12.2020	1352	38.33	GPS	macho	34.0	18.5	26.2	-7.2	9.8	NW	31.8	1008.8	0	0.6	0.2	30.0
-40.583927	-64.998575	1.12.2020	1357	37.4	GPS	macho	34.0	18.5	26.2	-7.2	9.8	NW	31.8	1008.8	0	0.6	0.2	30.0
-40.583968	-64.99861999999999	1.12.2020	1403	39.83	GPS	macho	34.0	18.5	26.2	-7.8	9.0	NW	30.5	1008.8	0	0.7	0.2	30.0
-40.58397100000001	-64.998628	1.12.2020	1408	36.69	GPS	macho	34.0	18.5	26.2	-7.8	9.0	NW	30.5	1008.8	0	0.7	0.2	30.0
-40.584162	-64.998827	1.12.2020	1413	35.83	GPS	macho	34.0	18.5	26.2	-7.8	9.0	NW	30.5	1008.8	0	0.7	0.2	30.0
-40.583903	-64.99856899999999	1.12.2020	1428	34.96	GPS	macho	34.0	18.5	26.2	-7.8	9.0	NW	30.5	1008.8	0	0.7	0.2	30.0
-40.584108	-64.99871999999999	1.12.2020	1458	35.18	GPS	macho	34.0	18.5	26.2	-7.8	9.0	NW	30.5	1008.8	0	0.7	0.2	30.0
-40.58401	-64.99859000000001	1.12.2020	1503	36.77	GPS	macho	34.0	18.5	26.2	-8.7	8.3	NW	29.7	1008.8	0	0.8	0.1	30.0
-40.584006	-64.99861899999999	1.12.2020	1508	36.48	GPS	macho	34.0	18.5	26.2	-8.7	8.3	NW	29.7	1008.8	0	0.8	0.1	30.0
-40.58397100000001	-64.998648	1.12.2020	1513	37.29	GPS	macho	34.0	18.5	26.2	-8.7	8.3	NW	29.7	1008.8	0	0.8	0.1	30.0
-40.583917	-64.998593	1.12.2020	1518	37.27	GPS	macho	34.0	18.5	26.2	-8.7	8.3	NW	29.7	1008.8	0	0.8	0.1	30.0
-40.58408	-64.998657	1.12.2020	1523	45.85	GPS	macho	34.0	18.5	26.2	-8.7	8.3	NW	29.7	1008.8	0	0.8	0.1	30.0
-40.58400200000001	-64.998622	1.12.2020	1528	54.63	GPS	macho	34.0	18.5	26.2	-8.7	8.3	NW	29.7	1008.8	0	0.8	0.1	30.0
-40.584211	-64.99852	1.12.2020	1533	55.03	GPS	macho	34.0	18.5	26.2	-8.7	8.3	NW	29.7	1008.8	0	0.8	0.1	30.0
-40.584339	-64.99866999999999	1.12.2020	1538	52.39	GPS	macho	34.0	18.5	26.2	-8.7	8.3	NW	29.7	1008.8	0	0.8	0.1	30.0
-40.584218	-64.998793	1.12.2020	1543	46.64	GPS	macho	34.0	18.5	26.2	-8.7	8.3	NW	29.7	1008.8	0	0.8	0.1	30.0
-40.584231	-64.998795	1.12.2020	1548	43.61	GPS	macho	34.0	18.5	26.2	-8.7	8.3	NW	29.7	1008.8	0	0.8	0.1	30.0
-40.584269	-64.998775	1.12.2020	1553	41.71	GPS	macho	34.0	18.5	26.2	-8.7	8.3	NW	29.7	1008.8	0	0.8	0.1	30.0
-40.584336	-64.99874799999999	1.12.2020	1558	49.03	GPS	macho	34.0	18.5	26.2	-8.7	8.3	NW	29.7	1008.8	0	0.8	0.1	30.0
-40.584293	-64.998856	1.12.2020	1603	43.26	GPS	macho	34.0	18.5	26.2	-9.8	7.6	NW	28.4	1008.8	0	0.8	0.1	30.0
-40.584392	-64.998762	1.12.2020	1609	41.72	GPS	macho	34.0	18.5	26.2	-9.8	7.6	NW	28.4	1008.8	0	0.8	0.1	30.0
-40.584361	-64.998777	1.12.2020	1614	40.51	GPS	macho	34.0	18.5	26.2	-9.8	7.6	NW	28.4	1008.8	0	0.8	0.1	30.0
-40.584161	-64.998375	1.12.2020	1623	39.62	GPS	macho	34.0	18.5	26.2	-9.8	7.6	NW	28.4	1008.8	0	0.8	0.1	30.0
-40.584132	-64.998245	1.12.2020	1628	39.71	GPS	macho	34.0	18.5	26.2	-9.8	7.6	NW	28.4	1008.8	0	0.8	0.1	30.0
-40.58423300000001	-64.998385	1.12.2020	1633	39.42	GPS	macho	34.0	18.5	26.2	-9.8	7.6	NW	28.4	1008.8	0	0.8	0.1	30.0
-40.584442	-64.998806	1.12.2020	1644	39.83	GPS	macho	34.0	18.5	26.2	-9.8	7.6	NW	28.4	1008.8	0	0.8	0.1	30.0
-40.584732	-64.999033	1.12.2020	1653	40.36	GPS	macho	34.0	18.5	26.2	-9.8	7.6	NW	28.4	1008.8	0	0.8	0.1	30.0
-40.584645	-64.99905799999999	1.12.2020	1709	40.51	GPS	macho	34.0	18.5	26.2	-11.5	7.0	NW	27.8	1008.8	0	0.8	0.1	30.0
-40.584571	-64.999032	1.12.2020	1714	40.61	GPS	macho	34.0	18.5	26.2	-11.5	7.0	NW	27.8	1008.8	0	0.8	0.1	30.0
-40.584589	-64.999156	1.12.2020	1719	40.03	GPS	macho	34.0	18.5	26.2	-11.5	7.0	NW	27.8	1008.8	0	0.8	0.1	30.0
-40.584543	-64.998933	1.12.2020	1724	40.6	GPS	macho	34.0	18.5	26.2	-11.5	7.0	NW	27.8	1008.8	0	0.8	0.1	30.0
-40.584456	-64.999049	1.12.2020	1729	41.02	GPS	macho	34.0	18.5	26.2	-11.5	7.0	NW	27.8	1008.8	0	0.8	0.1	30.0
-40.5847	-64.998947	1.12.2020	1734	40.88	GPS	macho	34.0	18.5	26.2	-11.5	7.0	NW	27.8	1008.8	0	0.8	0.1	30.0
-40.584688	-64.99882	1.12.2020	1739	40.62	GPS	macho	34.0	18.5	26.2	-11.5	7.0	NW	27.8	1008.8	0	0.8	0.1	30.0
-40.584444	-64.99890699999999	1.12.2020	1744	40.71	GPS	macho	34.0	18.5	26.2	-11.5	7.0	NW	27.8	1008.8	0	0.8	0.1	30.0
-40.584998	-64.999133	1.12.2020	1754	40.73	GPS	macho	34.0	18.5	26.2	-11.5	7.0	NW	27.8	1008.8	0	0.8	0.1	30.0
-40.584937	-64.998838	1.12.2020	1759	41	GPS	macho	34.0	18.5	26.2	-11.5	7.0	NW	27.8	1008.8	0	0.8	0.1	30.0
-40.584919	-64.99883100000001	1.12.2020	1804	41.02	GPS	macho	35.4	18.5	26.2	-12.6	6.5	WNW	28.1	1008.8	0	0.8	0.1	30.0
-40.584071	-64.998909	1.12.2020	1819	41.77	GPS	macho	35.4	18.5	26.2	-12.6	6.5	WNW	28.1	1008.8	0	0.8	0.1	30.0
-40.584289	-64.998875	1.12.2020	1824	42.25	GPS	macho	35.4	18.5	26.2	-12.6	6.5	WNW	28.1	1008.8	0	0.8	0.1	30.0
-40.584306	-64.99885400000001	1.12.2020	1829	42.41	GPS	macho	35.4	18.5	26.2	-12.6	6.5	WNW	28.1	1008.8	0	0.8	0.1	30.0
-40.584117	-64.999101	1.12.2020	1834	43.19	GPS	macho	35.4	18.5	26.2	-12.6	6.5	WNW	28.1	1008.8	0	0.8	0.1	30.0
-40.58437	-64.998768	1.12.2020	1849	43.13	GPS	macho	35.4	18.5	26.2	-12.6	6.5	WNW	28.1	1008.8	0	0.8	0.1	30.0
-40.58439600000001	-64.998786	1.12.2020	1854	44.48	GPS	macho	35.4	18.5	26.2	-12.6	6.5	WNW	28.1	1008.8	0	0.8	0.1	30.0
-40.584359	-64.998747	1.12.2020	1859	44.62	GPS	macho	35.4	18.5	26.2	-12.6	6.5	WNW	28.1	1008.8	0	0.8	0.1	30.0
-40.584352	-64.99884	1.12.2020	1904	44.54	GPS	macho	36.2	18.5	26.2	-13.5	6.2	WNW	28.1	1008.8	0	0.8	0.2	30.0
-40.584385	-64.99880999999999	1.12.2020	1909	44.28	GPS	macho	36.2	18.5	26.2	-13.5	6.2	WNW	28.1	1008.8	0	0.8	0.2	30.0
-40.584348	-64.998873	1.12.2020	1914	44.21	GPS	macho	36.2	18.5	26.2	-13.5	6.2	WNW	28.1	1008.8	0	0.8	0.2	30.0
-40.584401	-64.99878100000001	1.12.2020	1919	44.48	GPS	macho	36.2	18.5	26.2	-13.5	6.2	WNW	28.1	1008.8	0	0.8	0.2	30.0
-40.584353	-64.998814	1.12.2020	1924	44.67	GPS	macho	36.2	18.5	26.2	-13.5	6.2	WNW	28.1	1008.8	0	0.8	0.2	30.0
-40.584385	-64.998817	1.12.2020	1929	44.21	GPS	macho	36.2	18.5	26.2	-13.5	6.2	WNW	28.1	1008.8	0	0.8	0.2	30.0
-40.584363	-64.998756	1.12.2020	1934	44.71	GPS	macho	36.2	18.5	26.2	-13.5	6.2	WNW	28.1	1008.8	0	0.8	0.2	30.0
-40.584357	-64.998816	1.12.2020	1939	44.32	GPS	macho	36.2	18.5	26.2	-13.5	6.2	WNW	28.1	1008.8	0	0.8	0.2	30.0
-40.58436	-64.998795	1.12.2020	1944	44.34	GPS	macho	36.2	18.5	26.2	-13.5	6.2	WNW	28.1	1008.8	0	0.8	0.2	30.0
-40.584357	-64.998787	1.12.2020	1949	44.19	GPS	macho	36.2	18.5	26.2	-13.5	6.2	WNW	28.1	1008.8	0	0.8	0.2	30.0
-40.584148	-64.99860799999999	1.12.2020	1955	43.99	GPS	macho	36.2	18.5	26.2	-13.5	6.2	WNW	28.1	1008.8	0	0.8	0.2	30.0
-40.584304	-64.99890699999999	1.12.2020	2000	43.58	GPS	macho	36.5	18.5	26.2	-14.4	5.9	WNW	28.1	1008.8	0	0.8	0.4	30.0
-40.5844	-64.998848	1.12.2020	2005	44.28	GPS	macho	36.5	18.5	26.2	-14.4	5.9	WNW	28.1	1008.8	0	0.8	0.4	30.0
-40.584286	-64.998762	1.12.2020	2010	44.3	GPS	macho	36.5	18.5	26.2	-14.4	5.9	WNW	28.1	1008.8	0	0.8	0.4	30.0
-40.584307	-64.998796	1.12.2020	2015	44.22	GPS	macho	36.5	18.5	26.2	-14.4	5.9	WNW	28.1	1008.8	0	0.8	0.4	30.0
-40.584333	-64.998791	1.12.2020	2020	44.25	GPS	macho	36.5	18.5	26.2	-14.4	5.9	WNW	28.1	1008.8	0	0.8	0.4	30.0
-40.584372	-64.99880999999999	1.12.2020	2025	44.79	GPS	macho	36.5	18.5	26.2	-14.4	5.9	WNW	28.1	1008.8	0	0.8	0.4	30.0
-40.58433400000001	-64.998797	1.12.2020	2030	45.24	GPS	macho	36.5	18.5	26.2	-14.4	5.9	WNW	28.1	1008.8	0	0.8	0.4	30.0
-40.584381	-64.998841	1.12.2020	2035	44.67	GPS	macho	36.5	18.5	26.2	-14.4	5.9	WNW	28.1	1008.8	0	0.8	0.4	30.0
-40.584465	-64.998873	1.12.2020	2040	44.83	GPS	macho	36.5	18.5	26.2	-14.4	5.9	WNW	28.1	1008.8	0	0.8	0.4	30.0
-40.584329	-64.99880999999999	1.12.2020	2045	44.85	GPS	macho	36.5	18.5	26.2	-14.4	5.9	WNW	28.1	1008.8	0	0.8	0.4	30.0
-40.584436	-64.999027	1.12.2020	2050	45.21	GPS	macho	36.5	18.5	26.2	-14.4	5.9	WNW	28.1	1008.8	0	0.8	0.4	30.0
-40.58435	-64.99883	1.12.2020	2055	45.24	GPS	macho	36.5	18.5	26.2	-14.4	5.9	WNW	28.1	1008.8	0	0.8	0.4	30.0
-40.584248	-64.99871800000001	1.12.2020	2100	44.77	GPS	macho	36.5	18.5	26.2	-15.3	5.6	WNW	28.1	1008.8	0	0.8	0.5	30.0
-40.584497	-64.99883299999999	1.12.2020	2105	44.55	GPS	macho	36.5	18.5	26.2	-15.3	5.6	WNW	28.1	1008.8	0	0.8	0.5	30.0
-40.584369	-64.998785	1.12.2020	2110	44.54	GPS	macho	36.5	18.5	26.2	-15.3	5.6	WNW	28.1	1008.8	0	0.8	0.5	30.0
-40.584284	-64.998719	1.12.2020	2115	43.88	GPS	macho	36.5	18.5	26.2	-15.3	5.6	WNW	28.1	1008.8	0	0.8	0.5	30.0
-40.584356	-64.998769	1.12.2020	2120	43.81	GPS	macho	36.5	18.5	26.2	-15.3	5.6	WNW	28.1	1008.8	0	0.8	0.5	30.0
-40.584345	-64.998768	1.12.2020	2125	43.46	GPS	macho	36.5	18.5	26.2	-15.3	5.6	WNW	28.1	1008.8	0	0.8	0.5	30.0
-40.584361	-64.99878299999999	1.12.2020	2130	42.55	GPS	macho	36.5	18.5	26.2	-15.3	5.6	WNW	28.1	1008.8	0	0.8	0.5	30.0
-40.584353	-64.998776	1.12.2020	2135	42.17	GPS	macho	36.5	18.5	26.2	-15.3	5.6	WNW	28.1	1008.8	0	0.8	0.5	30.0
-40.584349	-64.998786	1.12.2020	2140	42	GPS	macho	36.5	18.5	26.2	-15.3	5.6	WNW	28.1	1008.8	0	0.8	0.5	30.0
-40.584331	-64.998785	1.12.2020	2145	40.67	GPS	macho	36.5	18.5	26.2	-15.3	5.6	WNW	28.1	1008.8	0	0.8	0.5	30.0
-40.584336	-64.998785	1.12.2020	2150	39.76	GPS	macho	36.5	18.5	26.2	-15.3	5.6	WNW	28.1	1008.8	0	0.8	0.5	30.0
-40.584328	-64.998796	1.12.2020	2155	40.55	GPS	macho	36.5	18.5	26.2	-15.3	5.6	WNW	28.1	1008.8	0	0.8	0.5	30.0
-40.584318	-64.998812	1.12.2020	2201	39.11	GPS	macho	36.5	18.5	23.2	-15.8	5.4	WNW	27.7	1008.8	0	0.8	0.6	30.0
-40.584328	-64.998799	1.12.2020	2205	38.43	GPS	macho	36.5	18.5	23.2	-15.8	5.4	WNW	27.7	1008.8	0	0.8	0.6	30.0
-40.584317	-64.998809	1.12.2020	2210	37.83	GPS	macho	36.5	18.5	23.2	-15.8	5.4	WNW	27.7	1008.8	0	0.8	0.6	30.0
-40.584328	-64.998801	1.12.2020	2215	37.33	GPS	macho	36.5	18.5	23.2	-15.8	5.4	WNW	27.7	1008.8	0	0.8	0.6	30.0
-40.58431	-64.99879200000001	1.12.2020	2220	37	GPS	macho	36.5	18.5	23.2	-15.8	5.4	WNW	27.7	1008.8	0	0.8	0.6	30.0
-40.584313	-64.99880300000001	1.12.2020	2225	36.74	GPS	macho	36.5	18.5	23.2	-15.8	5.4	WNW	27.7	1008.8	0	0.8	0.6	30.0
-40.58433400000001	-64.99880999999999	1.12.2020	2230	36.44	GPS	macho	36.5	18.5	23.2	-15.8	5.4	WNW	27.7	1008.8	0	0.8	0.6	30.0
-40.58432	-64.998802	1.12.2020	2236	36.12	GPS	macho	36.5	18.5	23.2	-15.8	5.4	WNW	27.7	1008.8	0	0.8	0.6	30.0
-40.584306	-64.998795	1.12.2020	2241	35.76	GPS	macho	36.5	18.5	23.2	-15.8	5.4	WNW	27.7	1008.8	0	0.8	0.6	30.0
-40.58433400000001	-64.9988	1.12.2020	2246	35.2	GPS	macho	36.5	18.5	23.2	-15.8	5.4	WNW	27.7	1008.8	0	0.8	0.6	30.0
-40.584307	-64.99879	1.12.2020	2251	33.98	GPS	macho	36.5	18.5	23.2	-15.8	5.4	WNW	27.7	1008.8	0	0.8	0.6	30.0
-40.584328	-64.998827	1.12.2020	2256	33.61	GPS	macho	36.5	18.5	23.2	-15.8	5.4	WNW	27.7	1008.8	0	0.8	0.6	30.0
-40.58433400000001	-64.99887	1.12.2020	2301	33.46	GPS	macho	36.5	18.5	23.2	-15.9	5.5	WNW	27.8	1008.8	0	0.8	0.8	30.0
-40.584286	-64.998855	1.12.2020	2306	31.19	GPS	macho	36.5	18.5	23.2	-15.9	5.5	WNW	27.8	1008.8	0	0.8	0.8	30.0
-40.584404	-64.998713	1.12.2020	2311	32.02	GPS	macho	36.5	18.5	23.2	-15.9	5.5	WNW	27.8	1008.8	0	0.8	0.8	30.0
-40.584308	-64.99884	1.12.2020	2316	31.6	GPS	macho	36.5	18.5	23.2	-15.9	5.5	WNW	27.8	1008.8	0	0.8	0.8	30.0
-40.58433400000001	-64.998867	1.12.2020	2321	30.8	GPS	macho	36.5	18.5	23.2	-15.9	5.5	WNW	27.8	1008.8	0	0.8	0.8	30.0
-40.58431	-64.998902	1.12.2020	2326	30.21	GPS	macho	36.5	18.5	23.2	-15.9	5.5	WNW	27.8	1008.8	0	0.8	0.8	30.0
-40.584277	-64.998935	1.12.2020	2331	29.41	GPS	macho	36.5	18.5	23.2	-15.9	5.5	WNW	27.8	1008.8	0	0.8	0.8	30.0
-40.58427800000001	-64.998809	1.12.2020	2336	28.83	GPS	macho	36.5	18.5	23.2	-15.9	5.5	WNW	27.8	1008.8	0	0.8	0.8	30.0
-40.584367	-64.998936	1.12.2020	2341	28.19	GPS	macho	36.5	18.5	23.2	-15.9	5.5	WNW	27.8	1008.8	0	0.8	0.8	30.0
-40.584285	-64.99887199999999	1.12.2020	2346	27.61	GPS	macho	36.5	18.5	23.2	-15.9	5.5	WNW	27.8	1008.8	0	0.8	0.8	30.0
-40.584313	-64.998862	1.12.2020	2351	26.88	GPS	macho	36.5	18.5	23.2	-15.9	5.5	WNW	27.8	1008.8	0	0.8	0.8	30.0
-40.584326	-64.998857	1.12.2020	2356	26.3	GPS	macho	36.5	18.5	23.2	-15.9	5.5	WNW	27.8	1008.8	0	0.8	0.8	30.0
