lat	lon	date	time	tempIMU	metodologia	sexo	tempmax(C)	tempmin(C)	tempmed(C)	Temprocíomediadiaria(C)	Humedadrelativadiaria(%)	vientodir	viento(km/h)vel	Presionsobreniveldelmar(Hp)	Prec(mm)	NubesTotOct	NubbajOct	Vis(km)
-40.58397	-64.99861	30.11.2020	1206	*	yagui	macho	20.3	7.0	13.7	-1.0	26.7	ESE	20.8	1020.1	0	0.1	*	30.0
-40.58395	-64.9986	30.11.2020	1209	26.34	GPS	macho	20.3	7.0	13.7	-1.0	26.7	ESE	20.8	1020.1	0	0.1	*	30.0
-40.583931	-64.998597	30.11.2020	1219	25.71	GPS	macho	20.3	7.0	13.7	-1.0	26.7	ESE	20.8	1020.1	0	0.1	*	30.0
-40.583901	-64.998616	30.11.2020	1229	25.51	GPS	macho	20.3	7.0	13.7	-1.0	26.7	ESE	20.8	1020.1	0	0.1	*	30.0
-40.584084	-64.998912	30.11.2020	1239	24.05	GPS	macho	20.3	7.0	13.7	-1.0	26.7	ESE	20.8	1020.1	0	0.1	*	30.0
-40.584114	-64.998537	30.11.2020	1249	23.82	GPS	macho	20.3	7.0	13.7	-1.0	26.7	ESE	20.8	1020.1	0	0.1	*	30.0
-40.58372	-64.999326	30.11.2020	1259	27.9	GPS	macho	20.3	7.0	13.7	-1.0	26.7	ESE	20.8	1020.1	0	0.1	*	30.0
-40.583965	-64.998614	30.11.2020	1309	26.2	GPS	macho	21.2	7.0	13.7	-1.1	26.0	ESE	21.7	1020.1	0	0.0	*	30.0
-40.583866	-64.999216	30.11.2020	1320	30.73	GPS	macho	21.2	7.0	13.7	-1.1	26.0	ESE	21.7	1020.1	0	0.0	*	30.0
-40.58387800000001	-64.99981600000001	30.11.2020	1330	30.94	GPS	macho	21.2	7.0	13.7	-1.1	26.0	ESE	21.7	1020.1	0	0.0	*	30.0
-40.584019	-64.998645	30.11.2020	1410	33.71	GPS	macho	22.7	7.0	13.7	-1.1	25.5	ENE	22.7	1020.0	0	0.0	*	30.0
-40.584112	-64.998677	30.11.2020	1420	33.93	GPS	macho	22.7	7.0	13.7	-1.1	25.5	ENE	22.7	1020.0	0	0.0	*	30.0
-40.583994	-64.99857800000001	30.11.2020	1430	35.11	GPS	macho	22.7	7.0	13.7	-1.1	25.5	ENE	22.7	1020.0	0	0.0	*	30.0
-40.584096	-64.998655	30.11.2020	1440	39.7	GPS	macho	22.7	7.0	13.7	-1.1	25.5	ENE	22.7	1020.0	0	0.0	*	30.0
-40.583948	-64.998687	30.11.2020	1450	42.57	GPS	macho	22.7	7.0	13.7	-1.1	25.5	ENE	22.7	1020.0	0	0.0	*	30.0
-40.584018	-64.9987	30.11.2020	1500	44.65	GPS	macho	26.3	7.0	13.7	-1.3	24.6	NE	24.1	1020.0	0	0.0	*	30.0
-40.58401	-64.998638	30.11.2020	1510	35.78	GPS	macho	26.3	7.0	13.7	-1.3	24.6	NE	24.1	1020.0	0	0.0	*	30.0
-40.583488	-64.998769	30.11.2020	1521	33.2	GPS	macho	26.3	7.0	13.7	-1.3	24.6	NE	24.1	1020.0	0	0.0	*	30.0
-40.583993	-64.99956	30.11.2020	1611	34.77	GPS	macho	27.4	7.0	13.7	-1.6	23.4	NNE	26.2	1019.9	0	0.0	*	30.0
-40.584891	-65.000508	30.11.2020	1701	33.94	GPS	macho	29.8	7.0	13.7	-2.0	22.0	N	27.5	1019.9	0	0.0	*	30.0
-40.584541	-65.000152	30.11.2020	1711	34.21	GPS	macho	29.8	7.0	13.7	-2.0	22.0	N	27.5	1019.9	0	0.0	*	30.0
-40.584507	-65.000179	30.11.2020	1721	34.38	GPS	macho	29.8	7.0	13.7	-2.0	22.0	N	27.5	1019.9	0	0.0	*	30.0
-40.583877	-64.999031	30.11.2020	1752	34.76	GPS	macho	29.8	7.0	13.7	-2.0	22.0	N	27.5	1019.9	0	0.0	*	30.0
-40.584216	-64.998563	30.11.2020	1802	33.79	GPS	macho	30.1	7.0	13.7	-2.8	20.2	NNW	28.8	1019.9	0	0.0	*	30.0
-40.584038	-64.998638	30.11.2020	1852	37.01	GPS	macho	30.1	7.0	13.7	-2.8	20.2	NNW	28.8	1019.9	0	0.0	*	30.0
-40.584791	-64.99984599999999	30.11.2020	1912	35.59	GPS	macho	32.0	7.0	13.7	-3.8	18.2	NNW	29.8	1020.0	0	0.0	*	30.0
-40.584806	-64.9996	30.11.2020	1922	40.81	GPS	macho	32.0	7.0	13.7	-3.8	18.2	NNW	29.8	1020.0	0	0.0	*	30.0
-40.58266	-64.99748100000001	30.11.2020	2032	44.97	GPS	macho	32.5	7.0	13.7	-4.7	16.3	NNW	30.4	1020.1	0	0.1	*	30.0
-40.58281	-64.997509	30.11.2020	2042	42.32	GPS	macho	32.5	7.0	13.7	-4.7	16.3	NNW	30.4	1020.1	0	0.1	*	30.0
-40.582731	-64.997412	30.11.2020	2053	37.93	GPS	macho	32.5	7.0	13.7	-4.7	16.3	NNW	30.4	1020.1	0	0.1	*	30.0
-40.582933	-64.997374	30.11.2020	2102	35.99	GPS	macho	32.7	7.0	13.7	-5.4	14.9	NW	31.4	1020.2	0	0.2	0	30.0
-40.582491	-64.999084	30.11.2020	2122	34.22	GPS	macho	32.7	7.0	13.7	-5.4	14.9	NW	31.4	1020.2	0	0.2	0	30.0
-40.583519	-64.99929300000001	30.11.2020	2142	37.73	GPS	macho	32.7	7.0	13.7	-5.4	14.9	NW	31.4	1020.2	0	0.2	0	30.0
-40.582405	-64.996818	30.11.2020	2213	37.08	GPS	macho	32.7	7.0	13.7	-6.3	13.4	NW	32.6	1020.4	0	0.2	0	30.0
-40.582272	-64.99685799999999	30.11.2020	2223	33.95	GPS	macho	32.7	7.0	13.7	-6.3	13.4	NW	32.6	1020.4	0	0.2	0	30.0
-40.58234	-64.99691	30.11.2020	2236	*	yagui	macho	32.7	7.0	13.7	-6.3	13.4	NW	32.6	1020.4	0	0.2	0	30.0
