lat	lon	date	time	tempIMU	metodologia	sexo	tempmax(C)	tempmin(C)	tempmed(C)	Temprocíomediadiaria(C)	Humedadrelativadiaria(%)	vientodir	viento(km/h)vel	Presionsobreniveldelmar(Hp)	Prec(mm)	NubesTotOct	NubbajOct	Vis(km)
-40.583956	-64.998587	29.11.2020	1610	40.17	GPS	macho	31.0	10.8	20.9	1.5	25.7	SSW	26.7	1013.3	0	2.6	2.2	30.0
-40.584055	-64.998452	29.11.2020	1620	40.27	GPS	macho	31.0	10.8	20.9	1.5	25.7	SSW	26.7	1013.3	0	2.6	2.2	30.0
-40.5841	-64.998542	29.11.2020	1630	48.98	GPS	macho	31.0	10.8	20.9	1.5	25.7	SSW	26.7	1013.3	0	2.6	2.2	30.0
-40.583922	-64.998551	29.11.2020	1640	43.69	GPS	macho	31.0	10.8	20.9	1.5	25.7	SSW	26.7	1013.3	0	2.6	2.2	30.0
-40.584008	-64.998635	29.11.2020	1650	40.38	GPS	macho	31.0	10.8	20.9	1.5	25.7	SSW	26.7	1013.3	0	2.6	2.2	30.0
-40.583991	-64.998621	29.11.2020	1700	43.5	GPS	macho	31.0	10.8	20.9	1.4	26.4	SSW	26.7	1014.1	0	2.5	2.3	30.0
-40.583977	-64.99853399999999	29.11.2020	1710	43.19	GPS	macho	31.0	10.8	20.9	1.4	26.4	SSW	26.7	1014.1	0	2.5	2.3	30.0
-40.584206	-64.99865	29.11.2020	1730	42.14	GPS	macho	31.0	10.8	20.9	1.4	26.4	SSW	26.7	1014.1	0	2.5	2.3	30.0
-40.584641	-64.998533	29.11.2020	1741	42.14	GPS	macho	31.0	10.8	20.9	1.4	26.4	SSW	26.7	1014.1	0	2.5	2.3	30.0
-40.58399	-64.9986	29.11.2020	1750	*	yagui	macho	31.0	10.8	20.9	1.4	26.4	SSW	26.7	1014.1	0	2.5	2.3	30.0
-40.584	-64.99861999999999	29.11.2020	1818	*	yagui	macho	31.0	10.8	20.9	1.1	26.9	SSW	26.7	1014.8	0	2.2	2.5	30.0
-40.583944	-64.998604	29.11.2020	1841	37.42	GPS	macho	31.0	10.8	20.9	1.1	26.9	SSW	26.7	1014.8	0	2.2	2.5	30.0
-40.583941	-64.998548	29.11.2020	1851	36.37	GPS	macho	31.0	10.8	20.9	1.1	26.9	SSW	26.7	1014.8	0	2.2	2.5	30.0
-40.58398	-64.99861	29.11.2020	1857	*	yagui	macho	31.0	10.8	20.9	1.1	26.9	SSW	26.7	1014.8	0	2.2	2.5	30.0
-40.583992	-64.998616	29.11.2020	1951	36.13	GPS	macho	31.0	10.8	20.9	0.6	27.0	S	27.4	1015.7	0	2.1	2.7	30.0
-40.583816	-64.99835999999999	29.11.2020	2001	36.16	GPS	macho	31.0	10.8	20.9	0.8	28.4	S	27.5	1016.6	0	1.9	3	30.0
-40.58401	-64.998581	29.11.2020	2011	35.57	GPS	macho	31.0	10.8	20.9	0.8	28.4	S	27.5	1016.6	0	1.9	3	30.0
-40.583993	-64.998633	29.11.2020	2021	35.5	GPS	macho	31.0	10.8	20.9	0.8	28.4	S	27.5	1016.6	0	1.9	3	30.0
-40.58390900000001	-64.998398	29.11.2020	2031	35.77	GPS	macho	31.0	10.8	20.9	0.8	28.4	S	27.5	1016.6	0	1.9	3	30.0
-40.58399	-64.99863	29.11.2020	2040	*	yagui	macho	31.0	10.8	20.9	0.8	28.4	S	27.5	1016.6	0	1.9	3	30.0
-40.584055	-64.998521	29.11.2020	2051	35.49	GPS	macho	31.0	10.8	20.9	0.8	28.4	S	27.5	1016.6	0	1.9	3	30.0
-40.584192	-64.99861	29.11.2020	2101	35.38	GPS	macho	31.0	10.8	20.9	0.8	29.2	SSE	26.7	1017.5	0	1.6	3	30.0
-40.583753	-64.998403	29.11.2020	2112	35.63	GPS	macho	31.0	10.8	20.9	0.8	29.2	SSE	26.7	1017.5	0	1.6	3	30.0
-40.584092	-64.998734	29.11.2020	2122	35.53	GPS	macho	31.0	10.8	20.9	0.8	29.2	SSE	26.7	1017.5	0	1.6	3	30.0
-40.583965	-64.998575	29.11.2020	2132	35.31	GPS	macho	31.0	10.8	20.9	0.8	29.2	SSE	26.7	1017.5	0	1.6	3	30.0
-40.584082	-64.99860799999999	29.11.2020	2142	34.98	GPS	macho	31.0	10.8	20.9	0.8	29.2	SSE	26.7	1017.5	0	1.6	3	30.0
