lat	lon	date	time	tempIMU	metodologia	sexo	tempmax(C)	tempmin(C)	tempmed(C)	Temprocíomediadiaria(C)	Humedadrelativadiaria(%)	vientodir	viento(km/h)vel	Presionsobreniveldelmar(Hp)	Prec(mm)	NubesTotOct	NubbajOct	Vis(km)
-40.582939	-64.999012	2.12.2020	1102	27.77	GPS	hembra	37.3	18.2	27.8	-15.8	6.1	WNW	28.8	1005.8	*	0.6	0.8	30
-40.582954	-64.99900600000001	2.12.2020	1107	27.45	GPS	hembra	37.3	18.2	27.8	-15.8	6.1	WNW	28.8	1005.8	*	0.6	0.8	30
-40.582962	-64.998998	2.12.2020	1112	27.92	GPS	hembra	37.3	18.2	27.8	-15.8	6.1	WNW	28.8	1005.8	*	0.6	0.8	30
-40.582955	-64.99900799999999	2.12.2020	1117	28.22	GPS	hembra	37.3	18.2	27.8	-15.8	6.1	WNW	28.8	1005.8	*	0.6	0.8	30
-40.582932	-64.998991	2.12.2020	1122	28.11	GPS	hembra	37.3	18.2	27.8	-15.8	6.1	WNW	28.8	1005.8	*	0.6	0.8	30
-40.582956	-64.998999	2.12.2020	1127	26.92	GPS	hembra	37.3	18.2	27.8	-15.8	6.1	WNW	28.8	1005.8	*	0.6	0.8	30
-40.582948	-64.99899599999999	2.12.2020	1132	28.4	GPS	hembra	37.3	18.2	27.8	-15.8	6.1	WNW	28.8	1005.8	*	0.6	0.8	30
-40.582957	-64.99897	2.12.2020	1137	29.89	GPS	hembra	37.3	18.2	27.8	-15.8	6.1	WNW	28.8	1005.8	*	0.6	0.8	30
-40.582945	-64.99900600000001	2.12.2020	1142	30.76	GPS	hembra	37.3	18.2	27.8	-15.8	6.1	WNW	28.8	1005.8	*	0.6	0.8	30
-40.582914	-64.998972	2.12.2020	1147	28.94	GPS	hembra	37.3	18.2	27.8	-15.8	6.1	WNW	28.8	1005.8	*	0.6	0.8	30
-40.582995	-64.999032	2.12.2020	1152	29.51	GPS	hembra	37.3	18.2	27.8	-15.8	6.1	WNW	28.8	1005.8	*	0.6	0.8	30
-40.582977	-64.99903499999999	2.12.2020	1157	30.03	GPS	hembra	37.3	18.2	27.8	-15.8	6.1	WNW	28.8	1005.8	*	0.6	0.8	30
-40.582901	-64.998944	2.12.2020	1202	31.19	GPS	hembra	37.3	14.8	26.0	-15.6	7.3	W	29.2	1009.2	0	0.8	0.9	30
-40.582922	-64.998982	2.12.2020	1207	31.91	GPS	hembra	37.3	14.8	26.0	-15.6	7.3	W	29.2	1009.2	0	0.8	0.9	30
-40.582954	-64.999022	2.12.2020	1212	32.13	GPS	hembra	37.3	14.8	26.0	-15.6	7.3	W	29.2	1009.2	0	0.8	0.9	30
-40.582913	-64.998994	2.12.2020	1218	32.95	GPS	hembra	37.3	14.8	26.0	-15.6	7.3	W	29.2	1009.2	0	0.8	0.9	30
-40.582907	-64.998974	2.12.2020	1223	34.31	GPS	hembra	37.3	14.8	26.0	-15.6	7.3	W	29.2	1009.2	0	0.8	0.9	30
-40.582879	-64.999025	2.12.2020	1228	35.53	GPS	hembra	37.3	14.8	26.0	-15.6	7.3	W	29.2	1009.2	0	0.8	0.9	30
-40.582869	-64.999024	2.12.2020	1233	36.07	GPS	hembra	37.3	14.8	26.0	-15.6	7.3	W	29.2	1009.2	0	0.8	0.9	30
-40.582819	-64.99895	2.12.2020	1238	36.78	GPS	hembra	37.3	14.8	26.0	-15.6	7.3	W	29.2	1009.2	0	0.8	0.9	30
-40.582857	-64.99901	2.12.2020	1243	36.84	GPS	hembra	37.3	14.8	26.0	-15.6	7.3	W	29.2	1009.2	0	0.8	0.9	30
-40.58287	-64.998985	2.12.2020	1248	37.07	GPS	hembra	37.3	14.8	26.0	-15.6	7.3	W	29.2	1009.2	0	0.8	0.9	30
-40.582776	-64.99912900000001	2.12.2020	1253	38.26	GPS	hembra	37.3	14.8	26.0	-15.6	7.3	W	29.2	1009.2	0	0.8	0.9	30
-40.582866	-64.998912	2.12.2020	1258	38.38	GPS	hembra	37.3	14.8	26.0	-15.6	7.3	W	29.2	1009.2	0	0.8	0.9	30
-40.582799	-64.999096	2.12.2020	1303	39.28	GPS	hembra	37.3	14.8	26.0	-14.9	9.1	W	29.7	1010.9	0	0.8	0.9	30
-40.582813	-64.99911999999999	2.12.2020	1308	39.91	GPS	hembra	37.3	14.8	26.0	-14.9	9.1	W	29.7	1010.9	0	0.8	0.9	30
-40.582824	-64.999121	2.12.2020	1313	40.75	GPS	hembra	37.3	14.8	26.0	-14.9	9.1	W	29.7	1010.9	0	0.8	0.9	30
-40.58280900000001	-64.999113	2.12.2020	1318	40.66	GPS	hembra	37.3	14.8	26.0	-14.9	9.1	W	29.7	1010.9	0	0.8	0.9	30
-40.58283400000001	-64.999131	2.12.2020	1323	40.76	GPS	hembra	37.3	14.8	26.0	-14.9	9.1	W	29.7	1010.9	0	0.8	0.9	30
-40.58283	-64.999161	2.12.2020	1328	42.5	GPS	hembra	37.3	14.8	26.0	-14.9	9.1	W	29.7	1010.9	0	0.8	0.9	30
-40.582826	-64.999145	2.12.2020	1333	43.53	GPS	hembra	37.3	14.8	26.0	-14.9	9.1	W	29.7	1010.9	0	0.8	0.9	30
-40.582846	-64.999195	2.12.2020	1338	44.28	GPS	hembra	37.3	14.8	26.0	-14.9	9.1	W	29.7	1010.9	0	0.8	0.9	30
-40.582847	-64.998994	2.12.2020	1343	43.73	GPS	hembra	37.3	14.8	26.0	-14.9	9.1	W	29.7	1010.9	0	0.8	0.9	30
-40.582854	-64.998986	2.12.2020	1348	44.54	GPS	hembra	37.3	14.8	26.0	-14.9	9.1	W	29.7	1010.9	0	0.8	0.9	30
-40.582869	-64.998989	2.12.2020	1353	44.45	GPS	hembra	37.3	14.8	26.0	-14.9	9.1	W	29.7	1010.9	0	0.8	0.9	30
-40.58285	-64.999012	2.12.2020	1358	44.32	GPS	hembra	37.3	14.8	26.0	-14.9	9.1	W	29.7	1010.9	0	0.8	0.9	30
-40.582879	-64.998853	2.12.2020	1403	45.18	GPS	hembra	37.3	14.8	26.0	-13.7	11.5	W	29.2	1011.7	0	0.8	1	30
-40.582943	-64.998689	2.12.2020	1408	44.28	GPS	hembra	37.3	14.8	26.0	-13.7	11.5	W	29.2	1011.7	0	0.8	1	30
-40.582957	-64.998728	2.12.2020	1413	39.38	GPS	hembra	37.3	14.8	26.0	-13.7	11.5	W	29.2	1011.7	0	0.8	1	30
-40.582985	-64.998699	2.12.2020	1428	34.44	GPS	hembra	37.3	14.8	26.0	-13.7	11.5	W	29.2	1011.7	0	0.8	1	30
-40.582998	-64.99866999999999	2.12.2020	1433	35.48	GPS	hembra	37.3	14.8	26.0	-13.7	11.5	W	29.2	1011.7	0	0.8	1	30
-40.583045	-64.998649	2.12.2020	1438	32.98	GPS	hembra	37.3	14.8	26.0	-13.7	11.5	W	29.2	1011.7	0	0.8	1	30
-40.582988	-64.99861899999999	2.12.2020	1443	31.26	GPS	hembra	37.3	14.8	26.0	-13.7	11.5	W	29.2	1011.7	0	0.8	1	30
-40.58295	-64.998671	2.12.2020	1448	30.71	GPS	hembra	37.3	14.8	26.0	-13.7	11.5	W	29.2	1011.7	0	0.8	1	30
-40.582995	-64.998627	2.12.2020	1453	30.38	GPS	hembra	37.3	14.8	26.0	-13.7	11.5	W	29.2	1011.7	0	0.8	1	30
-40.58299	-64.998663	2.12.2020	1458	30.61	GPS	hembra	37.3	14.8	26.0	-13.7	11.5	W	29.2	1011.7	0	0.8	1	30
-40.58299	-64.99868199999999	2.12.2020	1503	31.19	GPS	hembra	37.3	14.8	26.0	-12.1	13.9	WSW	28.2	1012.1	0	0.8	1.1	30
-40.583066	-64.998652	2.12.2020	1508	31.63	GPS	hembra	37.3	14.8	26.0	-12.1	13.9	WSW	28.2	1012.1	0	0.8	1.1	30
-40.582942	-64.99869100000001	2.12.2020	1513	32.06	GPS	hembra	37.3	14.8	26.0	-12.1	13.9	WSW	28.2	1012.1	0	0.8	1.1	30
-40.583011	-64.998652	2.12.2020	1518	33.36	GPS	hembra	37.3	14.8	26.0	-12.1	13.9	WSW	28.2	1012.1	0	0.8	1.1	30
-40.58296	-64.998649	2.12.2020	1523	34.25	GPS	hembra	37.3	14.8	26.0	-12.1	13.9	WSW	28.2	1012.1	0	0.8	1.1	30
-40.582986	-64.99866	2.12.2020	1528	34.08	GPS	hembra	37.3	14.8	26.0	-12.1	13.9	WSW	28.2	1012.1	0	0.8	1.1	30
-40.582972	-64.99868599999999	2.12.2020	1533	33.39	GPS	hembra	37.3	14.8	26.0	-12.1	13.9	WSW	28.2	1012.1	0	0.8	1.1	30
-40.583011	-64.998652	2.12.2020	1538	33.86	GPS	hembra	37.3	14.8	26.0	-12.1	13.9	WSW	28.2	1012.1	0	0.8	1.1	30
-40.582991	-64.998653	2.12.2020	1543	33.4	GPS	hembra	37.3	14.8	26.0	-12.1	13.9	WSW	28.2	1012.1	0	0.8	1.1	30
-40.582968	-64.99861999999999	2.12.2020	1548	34.07	GPS	hembra	37.3	14.8	26.0	-12.1	13.9	WSW	28.2	1012.1	0	0.8	1.1	30
-40.583053	-64.998482	2.12.2020	1553	32.83	GPS	hembra	37.3	14.8	26.0	-12.1	13.9	WSW	28.2	1012.1	0	0.8	1.1	30
-40.582956	-64.998633	2.12.2020	1558	34.61	GPS	hembra	37.3	14.8	26.0	-12.1	13.9	WSW	28.2	1012.1	0	0.8	1.1	30
-40.58298	-64.99866800000001	2.12.2020	1604	32.6	GPS	hembra	37.3	14.8	26.0	-10.4	16.1	WSW	27.2	1012.3	0	0.8	1.1	30
-40.582976	-64.99864000000001	2.12.2020	1608	34.34	GPS	hembra	37.3	14.8	26.0	-10.4	16.1	WSW	27.2	1012.3	0	0.8	1.1	30
-40.582961	-64.998637	2.12.2020	1613	33.15	GPS	hembra	37.3	14.8	26.0	-10.4	16.1	WSW	27.2	1012.3	0	0.8	1.1	30
-40.58299	-64.998642	2.12.2020	1618	33.23	GPS	hembra	37.3	14.8	26.0	-10.4	16.1	WSW	27.2	1012.3	0	0.8	1.1	30
-40.58309600000001	-64.998558	2.12.2020	1623	35.74	GPS	hembra	37.3	14.8	26.0	-10.4	16.1	WSW	27.2	1012.3	0	0.8	1.1	30
-40.583216	-64.998398	2.12.2020	1628	36.82	GPS	hembra	37.3	14.8	26.0	-10.4	16.1	WSW	27.2	1012.3	0	0.8	1.1	30
-40.583325	-64.998237	2.12.2020	1634	35.85	GPS	hembra	37.3	14.8	26.0	-10.4	16.1	WSW	27.2	1012.3	0	0.8	1.1	30
-40.583274	-64.998003	2.12.2020	1639	40.96	GPS	hembra	37.3	14.8	26.0	-10.4	16.1	WSW	27.2	1012.3	0	0.8	1.1	30
-40.583088	-64.99781999999999	2.12.2020	1644	42.73	GPS	hembra	37.3	14.8	26.0	-10.4	16.1	WSW	27.2	1012.3	0	0.8	1.1	30
-40.582931	-64.997652	2.12.2020	1649	45.83	GPS	hembra	37.3	14.8	26.0	-10.4	16.1	WSW	27.2	1012.3	0	0.8	1.1	30
-40.582774	-64.997458	2.12.2020	1654	43.56	GPS	hembra	37.3	14.8	26.0	-10.4	16.1	WSW	27.2	1012.3	0	0.8	1.1	30
-40.582581	-64.99714499999999	2.12.2020	1659	45.14	GPS	hembra	37.3	14.8	26.0	-10.4	16.1	WSW	27.2	1012.3	0	0.8	1.1	30
-40.582363	-64.996954	2.12.2020	1704	45.02	GPS	hembra	37.3	14.8	26.0	-7.8	19.0	SW	26.2	1012.4	0	0.9	1.1	30
-40.582254	-64.996826	2.12.2020	1709	49.31	GPS	hembra	37.3	14.8	26.0	-7.8	19.0	SW	26.2	1012.4	0	0.9	1.1	30
-40.582031	-64.996725	2.12.2020	1714	54.07	GPS	hembra	37.3	14.8	26.0	-7.8	19.0	SW	26.2	1012.4	0	0.9	1.1	30
-40.582016	-64.99672199999999	2.12.2020	1719	44.64	GPS	hembra	37.3	14.8	26.0	-7.8	19.0	SW	26.2	1012.4	0	0.9	1.1	30
-40.582029	-64.99673	2.12.2020	1724	43.35	GPS	hembra	37.3	14.8	26.0	-7.8	19.0	SW	26.2	1012.4	0	0.9	1.1	30
-40.582028	-64.996734	2.12.2020	1729	43.18	GPS	hembra	37.3	14.8	26.0	-7.8	19.0	SW	26.2	1012.4	0	0.9	1.1	30
-40.582045	-64.996736	2.12.2020	1734	41.15	GPS	hembra	37.3	14.8	26.0	-7.8	19.0	SW	26.2	1012.4	0	0.9	1.1	30
-40.582047	-64.996721	2.12.2020	1739	40.59	GPS	hembra	37.3	14.8	26.0	-7.8	19.0	SW	26.2	1012.4	0	0.9	1.1	30
-40.582053	-64.996734	2.12.2020	1744	39.51	GPS	hembra	37.3	14.8	26.0	-7.8	19.0	SW	26.2	1012.4	0	0.9	1.1	30
-40.58206	-64.996726	2.12.2020	1749	37.99	GPS	hembra	37.3	14.8	26.0	-7.8	19.0	SW	26.2	1012.4	0	0.9	1.1	30
-40.582031	-64.996726	2.12.2020	1754	38.17	GPS	hembra	37.3	14.8	26.0	-7.8	19.0	SW	26.2	1012.4	0	0.9	1.1	30
-40.582117	-64.996747	2.12.2020	1759	37.17	GPS	hembra	37.3	14.8	26.0	-7.8	19.0	SW	26.2	1012.4	0	0.9	1.1	30
-40.582106	-64.996739	2.12.2020	1804	37.15	GPS	hembra	37.3	14.8	26.0	-5.7	21.3	SSW	25.1	1012.3	0	1.0	1.1	30
-40.581807	-64.996634	2.12.2020	1809	37.31	GPS	hembra	37.3	14.8	26.0	-5.7	21.3	SSW	25.1	1012.3	0	1.0	1.1	30
-40.582082	-64.99673	2.12.2020	1814	38.08	GPS	hembra	37.3	14.8	26.0	-5.7	21.3	SSW	25.1	1012.3	0	1.0	1.1	30
-40.58207700000001	-64.996746	2.12.2020	1819	38.42	GPS	hembra	37.3	14.8	26.0	-5.7	21.3	SSW	25.1	1012.3	0	1.0	1.1	30
-40.582053	-64.99675500000001	2.12.2020	1824	39.32	GPS	hembra	37.3	14.8	26.0	-5.7	21.3	SSW	25.1	1012.3	0	1.0	1.1	30
-40.582064	-64.996736	2.12.2020	1829	39.99	GPS	hembra	37.3	14.8	26.0	-5.7	21.3	SSW	25.1	1012.3	0	1.0	1.1	30
-40.582032	-64.996732	2.12.2020	1834	39.39	GPS	hembra	37.3	14.8	26.0	-5.7	21.3	SSW	25.1	1012.3	0	1.0	1.1	30
-40.582095	-64.996799	2.12.2020	1839	38.03	GPS	hembra	37.3	14.8	26.0	-5.7	21.3	SSW	25.1	1012.3	0	1.0	1.1	30
-40.582013	-64.996712	2.12.2020	1844	37.17	GPS	hembra	37.3	14.8	26.0	-5.7	21.3	SSW	25.1	1012.3	0	1.0	1.1	30
-40.582061	-64.996752	2.12.2020	1849	36.29	GPS	hembra	37.3	14.8	26.0	-5.7	21.3	SSW	25.1	1012.3	0	1.0	1.1	30
-40.582038	-64.996739	2.12.2020	1854	35.47	GPS	hembra	37.3	14.8	26.0	-5.7	21.3	SSW	25.1	1012.3	0	1.0	1.1	30
-40.582062	-64.996773	2.12.2020	1859	34.95	GPS	hembra	37.3	14.8	26.0	-5.7	21.3	SSW	25.1	1012.3	0	1.0	1.1	30
-40.582054	-64.996775	2.12.2020	1904	34.49	GPS	hembra	37.3	14.8	26.0	-3.5	23.9	S	24.2	1012.1	0	1.0	1.1	30
-40.582068	-64.99678	2.12.2020	1909	33.92	GPS	hembra	37.3	14.8	26.0	-3.5	23.9	S	24.2	1012.1	0	1.0	1.1	30
-40.582055	-64.996769	2.12.2020	1914	33.27	GPS	hembra	37.3	14.8	26.0	-3.5	23.9	S	24.2	1012.1	0	1.0	1.1	30
-40.582033	-64.996723	2.12.2020	1919	33.04	GPS	hembra	37.3	14.8	26.0	-3.5	23.9	S	24.2	1012.1	0	1.0	1.1	30
-40.582041	-64.996751	2.12.2020	1925	32.71	GPS	hembra	37.3	14.8	26.0	-3.5	23.9	S	24.2	1012.1	0	1.0	1.1	30
-40.58204600000001	-64.996771	2.12.2020	1929	32.87	GPS	hembra	37.3	14.8	26.0	-3.5	23.9	S	24.2	1012.1	0	1.0	1.1	30
-40.58204	-64.996747	2.12.2020	1934	32.87	GPS	hembra	37.3	14.8	26.0	-3.5	23.9	S	24.2	1012.1	0	1.0	1.1	30
-40.582036	-64.99673	2.12.2020	1939	32.96	GPS	hembra	37.3	14.8	26.0	-3.5	23.9	S	24.2	1012.1	0	1.0	1.1	30
-40.581989	-64.996645	2.12.2020	1944	36.97	GPS	hembra	37.3	14.8	26.0	-3.5	23.9	S	24.2	1012.1	0	1.0	1.1	30
-40.581895	-64.99651300000001	2.12.2020	1949	40.69	GPS	hembra	37.3	14.8	26.0	-3.5	23.9	S	24.2	1012.1	0	1.0	1.1	30
-40.581803	-64.996447	2.12.2020	1954	42.14	GPS	hembra	37.3	14.8	26.0	-3.5	23.9	S	24.2	1012.1	0	1.0	1.1	30
-40.581793	-64.996336	2.12.2020	1959	43.25	GPS	hembra	37.3	14.8	26.0	-3.5	23.9	S	24.2	1012.1	0	1.0	1.1	30
-40.581696	-64.99631	2.12.2020	2004	39.94	GPS	hembra	37.3	14.8	26.0	-1.4	26.2	SSE	23.2	1011.9	0	1.0	1.1	30
-40.58168	-64.99629200000001	2.12.2020	2009	37.76	GPS	hembra	37.3	14.8	26.0	-1.4	26.2	SSE	23.2	1011.9	0	1.0	1.1	30
-40.581698	-64.996313	2.12.2020	2014	36.46	GPS	hembra	37.3	14.8	26.0	-1.4	26.2	SSE	23.2	1011.9	0	1.0	1.1	30
-40.581639	-64.99618000000001	2.12.2020	2029	36.01	GPS	hembra	37.3	14.8	26.0	-1.4	26.2	SSE	23.2	1011.9	0	1.0	1.1	30
-40.58145	-64.99597299999999	2.12.2020	2034	41.38	GPS	hembra	37.3	14.8	26.0	-1.4	26.2	SSE	23.2	1011.9	0	1.0	1.1	30
-40.580193	-64.994831	2.12.2020	2100	39.4	GPS	hembra	37.3	14.8	26.0	0.7	28.6	SSE	22.7	1011.6	0	1.0	1.1	30
-40.580176	-64.994744	2.12.2020	2105	38.8	GPS	hembra	37.3	14.8	26.0	0.7	28.6	SSE	22.7	1011.6	0	1.0	1.1	30
-40.580075	-64.994586	2.12.2020	2110	39.93	GPS	hembra	37.3	14.8	26.0	0.7	28.6	SSE	22.7	1011.6	0	1.0	1.1	30
-40.579982	-64.99467800000001	2.12.2020	2115	38.39	GPS	hembra	37.3	14.8	26.0	0.7	28.6	SSE	22.7	1011.6	0	1.0	1.1	30
-40.579876	-64.99473499999999	2.12.2020	2120	38.09	GPS	hembra	37.3	14.8	26.0	0.7	28.6	SSE	22.7	1011.6	0	1.0	1.1	30
-40.579998	-64.99469	2.12.2020	2125	37.5	GPS	hembra	37.3	14.8	26.0	0.7	28.6	SSE	22.7	1011.6	0	1.0	1.1	30
-40.579985	-64.994682	2.12.2020	2130	38.89	GPS	hembra	37.3	14.8	26.0	0.7	28.6	SSE	22.7	1011.6	0	1.0	1.1	30
-40.579915	-64.994708	2.12.2020	2135	37.85	GPS	hembra	37.3	14.8	26.0	0.7	28.6	SSE	22.7	1011.6	0	1.0	1.1	30
-40.579976	-64.994676	2.12.2020	2140	35.81	GPS	hembra	37.3	14.8	26.0	0.7	28.6	SSE	22.7	1011.6	0	1.0	1.1	30
-40.579919	-64.99464499999999	2.12.2020	2145	34.79	GPS	hembra	37.3	14.8	26.0	0.7	28.6	SSE	22.7	1011.6	0	1.0	1.1	30
-40.579941	-64.99459399999999	2.12.2020	2150	34.1	GPS	hembra	37.3	14.8	26.0	0.7	28.6	SSE	22.7	1011.6	0	1.0	1.1	30
-40.579938	-64.99463	2.12.2020	2155	33.48	GPS	hembra	37.3	14.8	26.0	0.7	28.6	SSE	22.7	1011.6	0	1.0	1.1	30
-40.579937	-64.994662	2.12.2020	2200	33.08	GPS	hembra	35.3	14.8	17.4	2.9	31.7	SE	22.2	1011.4	0	1.0	1.1	30
-40.57994	-64.99460400000001	2.12.2020	2205	32.98	GPS	hembra	35.3	14.8	17.4	2.9	31.7	SE	22.2	1011.4	0	1.0	1.1	30
-40.579912	-64.994608	2.12.2020	2210	32.46	GPS	hembra	35.3	14.8	17.4	2.9	31.7	SE	22.2	1011.4	0	1.0	1.1	30
-40.579935	-64.994613	2.12.2020	2215	32.19	GPS	hembra	35.3	14.8	17.4	2.9	31.7	SE	22.2	1011.4	0	1.0	1.1	30
-40.57994	-64.994606	2.12.2020	2220	31.95	GPS	hembra	35.3	14.8	17.4	2.9	31.7	SE	22.2	1011.4	0	1.0	1.1	30
-40.579898	-64.994668	2.12.2020	2225	31.73	GPS	hembra	35.3	14.8	17.4	2.9	31.7	SE	22.2	1011.4	0	1.0	1.1	30
-40.579913	-64.99466	2.12.2020	2230	31.67	GPS	hembra	35.3	14.8	17.4	2.9	31.7	SE	22.2	1011.4	0	1.0	1.1	30
-40.579957	-64.994608	2.12.2020	2235	31.36	GPS	hembra	35.3	14.8	17.4	2.9	31.7	SE	22.2	1011.4	0	1.0	1.1	30
-40.579916	-64.99464499999999	2.12.2020	2240	31.1	GPS	hembra	35.3	14.8	17.4	2.9	31.7	SE	22.2	1011.4	0	1.0	1.1	30
-40.579923	-64.994651	2.12.2020	2245	30.92	GPS	hembra	35.3	14.8	17.4	2.9	31.7	SE	22.2	1011.4	0	1.0	1.1	30
-40.579934	-64.9947	2.12.2020	2250	30.78	GPS	hembra	35.3	14.8	17.4	2.9	31.7	SE	22.2	1011.4	0	1.0	1.1	30
-40.579938	-64.99468	2.12.2020	2255	30.58	GPS	hembra	35.3	14.8	17.4	2.9	31.7	SE	22.2	1011.4	0	1.0	1.1	30
-40.579924	-64.994601	2.12.2020	2300	30.33	GPS	hembra	27.1	14.8	17.4	4.3	34.9	SE	22.2	1011.2	0	0.9	1.1	30
