lat	lon	date	time	tempIMU	metodologia	sexo	tempmax(C)	tempmin(C)	tempmed(C)	Temprocíomediadiaria(C)	Humedadrelativadiaria(%)	vientodir	viento(km/h)vel	Presionsobreniveldelmar(Hp)	Prec(mm)	NubesTotOct	NubbajOct	Vis(km)
-40.584234	-64.998703	30.11.2020	1100	22.25	GPS	hembra	20.2	15.2	17.7	-0.8	27.6	SE	20.2	1020.1	*	0.2	0.5	30
-40.58423300000001	-64.998712	30.11.2020	1110	22.26	GPS	hembra	20.2	15.2	17.7	-0.8	27.6	SE	20.2	1020.1	*	0.2	0.5	30
-40.584246	-64.998721	30.11.2020	1120	22.82	GPS	hembra	20.2	15.2	17.7	-0.8	27.6	SE	20.2	1020.1	*	0.2	0.5	30
-40.584232	-64.998712	30.11.2020	1130	23.69	GPS	hembra	20.2	15.2	17.7	-0.8	27.6	SE	20.2	1020.1	*	0.2	0.5	30
-40.584222	-64.998699	30.11.2020	1141	24.27	GPS	hembra	20.2	15.2	17.7	-0.8	27.6	SE	20.2	1020.1	*	0.2	0.5	30
-40.584228	-64.998704	30.11.2020	1151	24.81	GPS	hembra	20.2	15.2	17.7	-0.8	27.6	SE	20.2	1020.1	*	0.2	0.5	30
-40.58423300000001	-64.998695	30.11.2020	1201	25.3	GPS	hembra	20.3	7.0	13.7	-1.0	26.7	ESE	20.8	1020.1	0	0.1	*	30
-40.584227	-64.99869699999999	30.11.2020	1211	25.87	GPS	hembra	20.3	7.0	13.7	-1.0	26.7	ESE	20.8	1020.1	0	0.1	*	30
-40.58423	-64.9987	30.11.2020	1220	*	yagui	hembra	20.3	7.0	13.7	-1.0	26.7	ESE	20.8	1020.1	0	0.1	*	30
-40.584226	-64.99870200000001	30.11.2020	1221	26.44	GPS	hembra	20.3	7.0	13.7	-1.0	26.7	ESE	20.8	1020.1	0	0.1	*	30
-40.584246	-64.998636	30.11.2020	1231	30	GPS	hembra	20.3	7.0	13.7	-1.0	26.7	ESE	20.8	1020.1	0	0.1	*	30
-40.584241	-64.998628	30.11.2020	1241	31.27	GPS	hembra	20.3	7.0	13.7	-1.0	26.7	ESE	20.8	1020.1	0	0.1	*	30
-40.584305	-64.998644	30.11.2020	1251	33.23	GPS	hembra	20.3	7.0	13.7	-1.0	26.7	ESE	20.8	1020.1	0	0.1	*	30
-40.584321	-64.99859599999999	30.11.2020	1301	28.28	GPS	hembra	21.2	7.0	13.7	-1.1	26.0	ESE	21.7	1020.1	0	0.0	*	30
-40.584327	-64.99861	30.11.2020	1311	27.2	GPS	hembra	21.2	7.0	13.7	-1.1	26.0	ESE	21.7	1020.1	0	0.0	*	30
-40.584371	-64.998586	30.11.2020	1321	32.43	GPS	hembra	21.2	7.0	13.7	-1.1	26.0	ESE	21.7	1020.1	0	0.0	*	30
-40.584384	-64.99850500000001	30.11.2020	1331	39.09	GPS	hembra	21.2	7.0	13.7	-1.1	26.0	ESE	21.7	1020.1	0	0.0	*	30
-40.584361	-64.998462	30.11.2020	1341	42.09	GPS	hembra	21.2	7.0	13.7	-1.1	26.0	ESE	21.7	1020.1	0	0.0	*	30
-40.584332	-64.99852800000001	30.11.2020	1351	42.98	GPS	hembra	21.2	7.0	13.7	-1.1	26.0	ESE	21.7	1020.1	0	0.0	*	30
-40.584434	-64.998745	30.11.2020	1402	43.71	GPS	hembra	22.7	7.0	13.7	-1.1	25.5	ENE	22.7	1020.0	0	0.0	*	30
-40.584305	-64.99874799999999	30.11.2020	1411	44.22	GPS	hembra	22.7	7.0	13.7	-1.1	25.5	ENE	22.7	1020.0	0	0.0	*	30
-40.584236	-64.998706	30.11.2020	1421	38	GPS	hembra	22.7	7.0	13.7	-1.1	25.5	ENE	22.7	1020.0	0	0.0	*	30
-40.584239	-64.998707	30.11.2020	1431	35.26	GPS	hembra	22.7	7.0	13.7	-1.1	25.5	ENE	22.7	1020.0	0	0.0	*	30
-40.584236	-64.998701	30.11.2020	1441	34.29	GPS	hembra	22.7	7.0	13.7	-1.1	25.5	ENE	22.7	1020.0	0	0.0	*	30
-40.584185	-64.998672	30.11.2020	1452	33.88	GPS	hembra	22.7	7.0	13.7	-1.1	25.5	ENE	22.7	1020.0	0	0.0	*	30
-40.584279	-64.998701	30.11.2020	1501	33.81	GPS	hembra	26.3	7.0	13.7	-1.3	24.6	NE	24.1	1020.0	0	0.0	*	30
-40.584285	-64.99869699999999	30.11.2020	1511	33.51	GPS	hembra	26.3	7.0	13.7	-1.3	24.6	NE	24.1	1020.0	0	0.0	*	30
-40.584251	-64.998706	30.11.2020	1521	33.7	GPS	hembra	26.3	7.0	13.7	-1.3	24.6	NE	24.1	1020.0	0	0.0	*	30
-40.584242	-64.998708	30.11.2020	1532	33.73	GPS	hembra	26.3	7.0	13.7	-1.3	24.6	NE	24.1	1020.0	0	0.0	*	30
-40.584237	-64.998716	30.11.2020	1542	33.94	GPS	hembra	26.3	7.0	13.7	-1.3	24.6	NE	24.1	1020.0	0	0.0	*	30
-40.58416	-64.99875	30.11.2020	1546	*	yagui	hembra	26.3	7.0	13.7	-1.3	24.6	NE	24.1	1020.0	0	0.0	*	30
-40.584243	-64.99870899999999	30.11.2020	1552	33.9	GPS	hembra	26.3	7.0	13.7	-1.3	24.6	NE	24.1	1020.0	0	0.0	*	30
-40.584253	-64.998706	30.11.2020	1602	33.96	GPS	hembra	27.4	7.0	13.7	-1.6	23.4	NNE	26.2	1019.9	0	0.0	*	30
-40.584261	-64.998706	30.11.2020	1612	34.17	GPS	hembra	27.4	7.0	13.7	-1.6	23.4	NNE	26.2	1019.9	0	0.0	*	30
-40.58425	-64.998711	30.11.2020	1622	34.25	GPS	hembra	27.4	7.0	13.7	-1.6	23.4	NNE	26.2	1019.9	0	0.0	*	30
-40.584251	-64.99870899999999	30.11.2020	1632	34.47	GPS	hembra	27.4	7.0	13.7	-1.6	23.4	NNE	26.2	1019.9	0	0.0	*	30
-40.58425	-64.998711	30.11.2020	1642	34.36	GPS	hembra	27.4	7.0	13.7	-1.6	23.4	NNE	26.2	1019.9	0	0.0	*	30
-40.584251	-64.998711	30.11.2020	1652	34.4	GPS	hembra	27.4	7.0	13.7	-1.6	23.4	NNE	26.2	1019.9	0	0.0	*	30
-40.584245	-64.998715	30.11.2020	1702	34.49	GPS	hembra	29.8	7.0	13.7	-2.0	22.0	N	27.5	1019.9	0	0.0	*	30
-40.584252	-64.998722	30.11.2020	1712	34.69	GPS	hembra	29.8	7.0	13.7	-2.0	22.0	N	27.5	1019.9	0	0.0	*	30
-40.584252	-64.99871	30.11.2020	1722	34.72	GPS	hembra	29.8	7.0	13.7	-2.0	22.0	N	27.5	1019.9	0	0.0	*	30
-40.584256	-64.99871800000001	30.11.2020	1732	34.75	GPS	hembra	29.8	7.0	13.7	-2.0	22.0	N	27.5	1019.9	0	0.0	*	30
-40.584255	-64.998699	30.11.2020	1742	34.72	GPS	hembra	29.8	7.0	13.7	-2.0	22.0	N	27.5	1019.9	0	0.0	*	30
-40.58425	-64.99870200000001	30.11.2020	1752	34.75	GPS	hembra	29.8	7.0	13.7	-2.0	22.0	N	27.5	1019.9	0	0.0	*	30
-40.58425	-64.998706	30.11.2020	1802	34.65	GPS	hembra	30.1	7.0	13.7	-2.8	20.2	NNW	28.8	1019.9	0	0.0	*	30
-40.584252	-64.998699	30.11.2020	1812	34.69	GPS	hembra	30.1	7.0	13.7	-2.8	20.2	NNW	28.8	1019.9	0	0.0	*	30
-40.584253	-64.998703	30.11.2020	1822	34.65	GPS	hembra	30.1	7.0	13.7	-2.8	20.2	NNW	28.8	1019.9	0	0.0	*	30
-40.584249	-64.998698	30.11.2020	1832	34.64	GPS	hembra	30.1	7.0	13.7	-2.8	20.2	NNW	28.8	1019.9	0	0.0	*	30
-40.584252	-64.998696	30.11.2020	1842	34.56	GPS	hembra	30.1	7.0	13.7	-2.8	20.2	NNW	28.8	1019.9	0	0.0	*	30
-40.584243	-64.998706	30.11.2020	1852	34.51	GPS	hembra	30.1	7.0	13.7	-2.8	20.2	NNW	28.8	1019.9	0	0.0	*	30
-40.584239	-64.9987	30.11.2020	1902	34.5	GPS	hembra	32.0	7.0	13.7	-3.8	18.2	NNW	29.8	1020.0	0	0.0	*	30
-40.584238	-64.998698	30.11.2020	1912	34.49	GPS	hembra	32.0	7.0	13.7	-3.8	18.2	NNW	29.8	1020.0	0	0.0	*	30
-40.58423300000001	-64.998694	30.11.2020	1922	34.57	GPS	hembra	32.0	7.0	13.7	-3.8	18.2	NNW	29.8	1020.0	0	0.0	*	30
-40.584237	-64.998695	30.11.2020	1933	34.47	GPS	hembra	32.0	7.0	13.7	-3.8	18.2	NNW	29.8	1020.0	0	0.0	*	30
-40.584255	-64.998696	30.11.2020	1942	34.38	GPS	hembra	32.0	7.0	13.7	-3.8	18.2	NNW	29.8	1020.0	0	0.0	*	30
-40.584257	-64.998698	30.11.2020	1953	34.37	GPS	hembra	32.0	7.0	13.7	-3.8	18.2	NNW	29.8	1020.0	0	0.0	*	30
-40.584253	-64.998705	30.11.2020	2003	34.33	GPS	hembra	32.5	7.0	13.7	-4.7	16.3	NNW	30.4	1020.1	0	0.1	*	30
-40.584258	-64.998713	30.11.2020	2013	34.27	GPS	hembra	32.5	7.0	13.7	-4.7	16.3	NNW	30.4	1020.1	0	0.1	*	30
-40.584258	-64.998716	30.11.2020	2023	34.15	GPS	hembra	32.5	7.0	13.7	-4.7	16.3	NNW	30.4	1020.1	0	0.1	*	30
-40.584275	-64.998716	30.11.2020	2033	34.09	GPS	hembra	32.5	7.0	13.7	-4.7	16.3	NNW	30.4	1020.1	0	0.1	*	30
-40.58426	-64.998717	30.11.2020	2043	34.04	GPS	hembra	32.5	7.0	13.7	-4.7	16.3	NNW	30.4	1020.1	0	0.1	*	30
-40.584267	-64.998725	30.11.2020	2053	33.88	GPS	hembra	32.5	7.0	13.7	-4.7	16.3	NNW	30.4	1020.1	0	0.1	*	30
-40.58426	-64.998714	30.11.2020	2103	33.75	GPS	hembra	32.7	7.0	13.7	-5.4	14.9	NW	31.4	1020.2	0	0.2	0	30
-40.584256	-64.998717	30.11.2020	2113	33.78	GPS	hembra	32.7	7.0	13.7	-5.4	14.9	NW	31.4	1020.2	0	0.2	0	30
-40.584257	-64.998716	30.11.2020	2123	33.63	GPS	hembra	32.7	7.0	13.7	-5.4	14.9	NW	31.4	1020.2	0	0.2	0	30
-40.584257	-64.998713	30.11.2020	2133	33.58	GPS	hembra	32.7	7.0	13.7	-5.4	14.9	NW	31.4	1020.2	0	0.2	0	30
-40.584253	-64.99871800000001	30.11.2020	2143	33.52	GPS	hembra	32.7	7.0	13.7	-5.4	14.9	NW	31.4	1020.2	0	0.2	0	30
-40.584249	-64.998731	30.11.2020	2153	33.36	GPS	hembra	32.7	7.0	13.7	-5.4	14.9	NW	31.4	1020.2	0	0.2	0	30
-40.584259	-64.998713	30.11.2020	2203	33.26	GPS	hembra	32.7	7.0	13.7	-6.3	13.4	NW	32.6	1020.4	0	0.2	0	30
-40.584253	-64.998705	30.11.2020	2213	33.12	GPS	hembra	32.7	7.0	13.7	-6.3	13.4	NW	32.6	1020.4	0	0.2	0	30
-40.58425	-64.9987	30.11.2020	2219	*	yagui	hembra	32.7	7.0	13.7	-6.3	13.4	NW	32.6	1020.4	0	0.2	0	30
