lat	lon	date	time	tempIMU	metodologia	sexo	tempmax(C)	tempmin(C)	tempmed(C)	Temprocíomediadiaria(C)	Humedadrelativadiaria(%)	vientodir	viento(km/h)vel	Presionsobreniveldelmar(Hp)	Prec(mm)	NubesTotOct	NubbajOct	Vis(km)
-40.579939	-64.994649	3.12.2020	1134	21.88	GPS	hembra	23.4	18.4	20.9	5.1	36.7	SE	22.2	1011.6	*	0.8	1.1	30
-40.5799	-64.99459	3.12.2020	1134	*	yagui	hembra	23.4	18.4	20.9	5.1	36.7	SE	22.2	1011.6	*	0.8	1.1	30
-40.579942	-64.994702	3.12.2020	1139	20.78	GPS	hembra	23.4	18.4	20.9	5.1	36.7	SE	22.2	1011.6	*	0.8	1.1	30
-40.57997	-64.994715	3.12.2020	1144	20.51	GPS	hembra	23.4	18.4	20.9	5.1	36.7	SE	22.2	1011.6	*	0.8	1.1	30
-40.57992700000001	-64.994601	3.12.2020	1149	20.59	GPS	hembra	23.4	18.4	20.9	5.1	36.7	SE	22.2	1011.6	*	0.8	1.1	30
-40.57992700000001	-64.994642	3.12.2020	1154	20.28	GPS	hembra	23.4	18.4	20.9	5.1	36.7	SE	22.2	1011.6	*	0.8	1.1	30
-40.579938	-64.994664	3.12.2020	1159	19.84	GPS	hembra	23.4	18.4	20.9	5.1	36.7	SE	22.2	1011.6	*	0.8	1.1	30
-40.579941	-64.99466600000001	3.12.2020	1204	19.86	GPS	hembra	23.4	12.8	18.1	4.8	36.2	SE	23.0	1011.6	0	0.8	1	30
-40.579922	-64.99463100000001	3.12.2020	1209	19.86	GPS	hembra	23.4	12.8	18.1	4.8	36.2	SE	23.0	1011.6	0	0.8	1	30
-40.579929	-64.994697	3.12.2020	1214	19.64	GPS	hembra	23.4	12.8	18.1	4.8	36.2	SE	23.0	1011.6	0	0.8	1	30
-40.579951	-64.994699	3.12.2020	1219	19.65	GPS	hembra	23.4	12.8	18.1	4.8	36.2	SE	23.0	1011.6	0	0.8	1	30
-40.580008	-64.994654	3.12.2020	1224	19.99	GPS	hembra	23.4	12.8	18.1	4.8	36.2	SE	23.0	1011.6	0	0.8	1	30
-40.579932	-64.994644	3.12.2020	1230	20.54	GPS	hembra	23.4	12.8	18.1	4.8	36.2	SE	23.0	1011.6	0	0.8	1	30
-40.579937	-64.99463100000001	3.12.2020	1234	20.92	GPS	hembra	23.4	12.8	18.1	4.8	36.2	SE	23.0	1011.6	0	0.8	1	30
-40.579946	-64.994721	3.12.2020	1239	20.85	GPS	hembra	23.4	12.8	18.1	4.8	36.2	SE	23.0	1011.6	0	0.8	1	30
-40.579974	-64.99475100000001	3.12.2020	1245	21.06	GPS	hembra	23.4	12.8	18.1	4.8	36.2	SE	23.0	1011.6	0	0.8	1	30
-40.579883	-64.994605	3.12.2020	1250	21.16	GPS	hembra	23.4	12.8	18.1	4.8	36.2	SE	23.0	1011.6	0	0.8	1	30
-40.579918	-64.994683	3.12.2020	1255	25.03	GPS	hembra	23.4	12.8	18.1	4.8	36.2	SE	23.0	1011.6	0	0.8	1	30
-40.579931	-64.994677	3.12.2020	1300	24.54	GPS	hembra	23.4	12.8	18.1	4.4	35.6	SE	23.7	1011.7	0	0.8	1	30
-40.57993	-64.99470600000001	3.12.2020	1305	25.52	GPS	hembra	23.4	12.8	18.1	4.4	35.6	SE	23.7	1011.7	0	0.8	1	30
-40.579933	-64.99465699999999	3.12.2020	1310	30.07	GPS	hembra	23.4	12.8	18.1	4.4	35.6	SE	23.7	1011.7	0	0.8	1	30
-40.579943	-64.994642	3.12.2020	1315	32.6	GPS	hembra	23.4	12.8	18.1	4.4	35.6	SE	23.7	1011.7	0	0.8	1	30
-40.579933	-64.99461099999999	3.12.2020	1320	33.35	GPS	hembra	23.4	12.8	18.1	4.4	35.6	SE	23.7	1011.7	0	0.8	1	30
-40.579889	-64.994647	3.12.2020	1325	32.55	GPS	hembra	23.4	12.8	18.1	4.4	35.6	SE	23.7	1011.7	0	0.8	1	30
-40.579839	-64.994555	3.12.2020	1330	32.17	GPS	hembra	23.4	12.8	18.1	4.4	35.6	SE	23.7	1011.7	0	0.8	1	30
-40.579837	-64.994599	3.12.2020	1335	31.61	GPS	hembra	23.4	12.8	18.1	4.4	35.6	SE	23.7	1011.7	0	0.8	1	30
-40.57972	-64.99439699999999	3.12.2020	1340	31.75	GPS	hembra	23.4	12.8	18.1	4.4	35.6	SE	23.7	1011.7	0	0.8	1	30
-40.579753	-64.994642	3.12.2020	1345	33.92	GPS	hembra	23.4	12.8	18.1	4.4	35.6	SE	23.7	1011.7	0	0.8	1	30
-40.579667	-64.994551	3.12.2020	1350	35.86	GPS	hembra	23.4	12.8	18.1	4.4	35.6	SE	23.7	1011.7	0	0.8	1	30
-40.579615	-64.994628	3.12.2020	1355	37.94	GPS	hembra	23.4	12.8	18.1	4.4	35.6	SE	23.7	1011.7	0	0.8	1	30
-40.57960300000001	-64.994701	3.12.2020	1400	38.29	GPS	hembra	23.4	12.8	18.1	3.9	34.8	SE	24.5	1011.9	0	0.9	1	30
-40.579621	-64.99482900000001	3.12.2020	1405	39.47	GPS	hembra	23.4	12.8	18.1	3.9	34.8	SE	24.5	1011.9	0	0.9	1	30
-40.579587	-64.994843	3.12.2020	1410	40.19	GPS	hembra	23.4	12.8	18.1	3.9	34.8	SE	24.5	1011.9	0	0.9	1	30
-40.579601	-64.994813	3.12.2020	1415	40.79	GPS	hembra	23.4	12.8	18.1	3.9	34.8	SE	24.5	1011.9	0	0.9	1	30
-40.579492	-64.99495	3.12.2020	1420	40.18	GPS	hembra	23.4	12.8	18.1	3.9	34.8	SE	24.5	1011.9	0	0.9	1	30
-40.579397	-64.99493199999999	3.12.2020	1425	40.48	GPS	hembra	23.4	12.8	18.1	3.9	34.8	SE	24.5	1011.9	0	0.9	1	30
-40.579439	-64.994987	3.12.2020	1430	36.41	GPS	hembra	23.4	12.8	18.1	3.9	34.8	SE	24.5	1011.9	0	0.9	1	30
-40.579393	-64.994951	3.12.2020	1435	32.41	GPS	hembra	23.4	12.8	18.1	3.9	34.8	SE	24.5	1011.9	0	0.9	1	30
-40.579313	-64.99494200000001	3.12.2020	1440	30.28	GPS	hembra	23.4	12.8	18.1	3.9	34.8	SE	24.5	1011.9	0	0.9	1	30
-40.579322	-64.994938	3.12.2020	1445	29.44	GPS	hembra	23.4	12.8	18.1	3.9	34.8	SE	24.5	1011.9	0	0.9	1	30
-40.579335	-64.99490899999999	3.12.2020	1450	28.88	GPS	hembra	23.4	12.8	18.1	3.9	34.8	SE	24.5	1011.9	0	0.9	1	30
-40.579346	-64.994951	3.12.2020	1455	30.24	GPS	hembra	23.4	12.8	18.1	3.9	34.8	SE	24.5	1011.9	0	0.9	1	30
-40.579316	-64.99506600000001	3.12.2020	1500	31.6	GPS	hembra	23.4	12.8	18.1	3.7	34.5	SE	24.9	1012.1	0	0.9	1	30
-40.579229	-64.99520600000001	3.12.2020	1505	34.29	GPS	hembra	23.4	12.8	18.1	3.7	34.5	SE	24.9	1012.1	0	0.9	1	30
-40.579257	-64.995214	3.12.2020	1510	38.16	GPS	hembra	23.4	12.8	18.1	3.7	34.5	SE	24.9	1012.1	0	0.9	1	30
-40.579236	-64.995385	3.12.2020	1515	39.62	GPS	hembra	23.4	12.8	18.1	3.7	34.5	SE	24.9	1012.1	0	0.9	1	30
-40.579171	-64.99543	3.12.2020	1520	40.98	GPS	hembra	23.4	12.8	18.1	3.7	34.5	SE	24.9	1012.1	0	0.9	1	30
-40.579122	-64.99562900000001	3.12.2020	1525	41.93	GPS	hembra	23.4	12.8	18.1	3.7	34.5	SE	24.9	1012.1	0	0.9	1	30
-40.579069	-64.995826	3.12.2020	1530	40.63	GPS	hembra	23.4	12.8	18.1	3.7	34.5	SE	24.9	1012.1	0	0.9	1	30
-40.578944	-64.995922	3.12.2020	1535	38.49	GPS	hembra	23.4	12.8	18.1	3.7	34.5	SE	24.9	1012.1	0	0.9	1	30
-40.578938	-64.995941	3.12.2020	1540	35.38	GPS	hembra	23.4	12.8	18.1	3.7	34.5	SE	24.9	1012.1	0	0.9	1	30
-40.578955	-64.995936	3.12.2020	1546	33.05	GPS	hembra	23.4	12.8	18.1	3.7	34.5	SE	24.9	1012.1	0	0.9	1	30
-40.578817	-64.996111	3.12.2020	1550	32.14	GPS	hembra	23.4	12.8	18.1	3.7	34.5	SE	24.9	1012.1	0	0.9	1	30
-40.57884	-64.996103	3.12.2020	1555	32.23	GPS	hembra	23.4	12.8	18.1	3.7	34.5	SE	24.9	1012.1	0	0.9	1	30
-40.578983	-64.995866	3.12.2020	1601	32.01	GPS	hembra	23.4	12.8	18.1	3.7	34.7	SE	25.5	1012.3	0	0.9	0.9	30
-40.578941	-64.995829	3.12.2020	1605	31.84	GPS	hembra	23.4	12.8	18.1	3.7	34.7	SE	25.5	1012.3	0	0.9	0.9	30
-40.578912	-64.996013	3.12.2020	1610	31.03	GPS	hembra	23.4	12.8	18.1	3.7	34.7	SE	25.5	1012.3	0	0.9	0.9	30
-40.578964	-64.995922	3.12.2020	1615	30.7	GPS	hembra	23.4	12.8	18.1	3.7	34.7	SE	25.5	1012.3	0	0.9	0.9	30
-40.57891400000001	-64.996016	3.12.2020	1620	30.61	GPS	hembra	23.4	12.8	18.1	3.7	34.7	SE	25.5	1012.3	0	0.9	0.9	30
-40.579002	-64.995869	3.12.2020	1625	30.24	GPS	hembra	23.4	12.8	18.1	3.7	34.7	SE	25.5	1012.3	0	0.9	0.9	30
-40.578935	-64.995878	3.12.2020	1630	30.08	GPS	hembra	23.4	12.8	18.1	3.7	34.7	SE	25.5	1012.3	0	0.9	0.9	30
-40.578969	-64.995915	3.12.2020	1635	29.83	GPS	hembra	23.4	12.8	18.1	3.7	34.7	SE	25.5	1012.3	0	0.9	0.9	30
-40.578938	-64.995935	3.12.2020	1640	29.65	GPS	hembra	23.4	12.8	18.1	3.7	34.7	SE	25.5	1012.3	0	0.9	0.9	30
-40.57893	-64.995926	3.12.2020	1645	29.8	GPS	hembra	23.4	12.8	18.1	3.7	34.7	SE	25.5	1012.3	0	0.9	0.9	30
-40.578958	-64.995908	3.12.2020	1650	30.17	GPS	hembra	23.4	12.8	18.1	3.7	34.7	SE	25.5	1012.3	0	0.9	0.9	30
-40.578967	-64.995906	3.12.2020	1655	30.1	GPS	hembra	23.4	12.8	18.1	3.7	34.7	SE	25.5	1012.3	0	0.9	0.9	30
-40.578958	-64.99588100000001	3.12.2020	1700	29.87	GPS	hembra	23.4	12.8	18.1	3.4	34.2	SE	26.1	1012.6	0	0.8	0.9	30
-40.578945	-64.995979	3.12.2020	1705	30.11	GPS	hembra	23.4	12.8	18.1	3.4	34.2	SE	26.1	1012.6	0	0.8	0.9	30
-40.578987	-64.995919	3.12.2020	1710	32.43	GPS	hembra	23.4	12.8	18.1	3.4	34.2	SE	26.1	1012.6	0	0.8	0.9	30
-40.578935	-64.99602800000001	3.12.2020	1716	36.89	GPS	hembra	23.4	12.8	18.1	3.4	34.2	SE	26.1	1012.6	0	0.8	0.9	30
-40.578874	-64.996086	3.12.2020	1721	37.54	GPS	hembra	23.4	12.8	18.1	3.4	34.2	SE	26.1	1012.6	0	0.8	0.9	30
-40.578806	-64.996032	3.12.2020	1726	39.52	GPS	hembra	23.4	12.8	18.1	3.4	34.2	SE	26.1	1012.6	0	0.8	0.9	30
-40.578774	-64.995999	3.12.2020	1731	40.68	GPS	hembra	23.4	12.8	18.1	3.4	34.2	SE	26.1	1012.6	0	0.8	0.9	30
-40.57882	-64.99606	3.12.2020	1736	39.65	GPS	hembra	23.4	12.8	18.1	3.4	34.2	SE	26.1	1012.6	0	0.8	0.9	30
-40.578756	-64.99600799999999	3.12.2020	1741	39.13	GPS	hembra	23.4	12.8	18.1	3.4	34.2	SE	26.1	1012.6	0	0.8	0.9	30
-40.578909	-64.996071	3.12.2020	1746	38.6	GPS	hembra	23.4	12.8	18.1	3.4	34.2	SE	26.1	1012.6	0	0.8	0.9	30
-40.57882	-64.99604000000001	3.12.2020	1750	*	yagui	hembra	23.4	12.8	18.1	3.4	34.2	SE	26.1	1012.6	0	0.8	0.9	30
-40.578845	-64.996037	3.12.2020	1751	38.52	GPS	hembra	23.4	12.8	18.1	3.4	34.2	SE	26.1	1012.6	0	0.8	0.9	30
-40.578788	-64.996022	3.12.2020	1756	38.98	GPS	hembra	23.4	12.8	18.1	3.4	34.2	SE	26.1	1012.6	0	0.8	0.9	30
-40.578851	-64.996043	3.12.2020	1801	39.98	GPS	hembra	23.4	12.8	18.1	3.3	34.5	SE	26.1	1012.9	0	0.8	0.9	30
-40.578705	-64.99595699999999	3.12.2020	1806	39.28	GPS	hembra	23.4	12.8	18.1	3.3	34.5	SE	26.1	1012.9	0	0.8	0.9	30
-40.57882	-64.996024	3.12.2020	1811	38.57	GPS	hembra	23.4	12.8	18.1	3.3	34.5	SE	26.1	1012.9	0	0.8	0.9	30
-40.578824	-64.996065	3.12.2020	1816	39.45	GPS	hembra	23.4	12.8	18.1	3.3	34.5	SE	26.1	1012.9	0	0.8	0.9	30
-40.578817	-64.996022	3.12.2020	1821	40.65	GPS	hembra	23.4	12.8	18.1	3.3	34.5	SE	26.1	1012.9	0	0.8	0.9	30
-40.578828	-64.996113	3.12.2020	1826	40.94	GPS	hembra	23.4	12.8	18.1	3.3	34.5	SE	26.1	1012.9	0	0.8	0.9	30
-40.578777	-64.996043	3.12.2020	1831	42.1	GPS	hembra	23.4	12.8	18.1	3.3	34.5	SE	26.1	1012.9	0	0.8	0.9	30
-40.578872	-64.996131	3.12.2020	1836	43.66	GPS	hembra	23.4	12.8	18.1	3.3	34.5	SE	26.1	1012.9	0	0.8	0.9	30
-40.578801	-64.995992	3.12.2020	1841	43.17	GPS	hembra	23.4	12.8	18.1	3.3	34.5	SE	26.1	1012.9	0	0.8	0.9	30
-40.57882	-64.996092	3.12.2020	1846	41.95	GPS	hembra	23.4	12.8	18.1	3.3	34.5	SE	26.1	1012.9	0	0.8	0.9	30
-40.578878	-64.996207	3.12.2020	1851	40.74	GPS	hembra	23.4	12.8	18.1	3.3	34.5	SE	26.1	1012.9	0	0.8	0.9	30
-40.578874	-64.996077	3.12.2020	1856	40.12	GPS	hembra	23.4	12.8	18.1	3.3	34.5	SE	26.1	1012.9	0	0.8	0.9	30
-40.578597	-64.99578199999999	3.12.2020	1901	39.97	GPS	hembra	23.4	12.8	18.1	3.0	34.3	SE	26.1	1013.4	0	0.7	0.9	30
-40.578829	-64.99606999999999	3.12.2020	1906	40.07	GPS	hembra	23.4	12.8	18.1	3.0	34.3	SE	26.1	1013.4	0	0.7	0.9	30
-40.578785	-64.995994	3.12.2020	1921	38.66	GPS	hembra	23.4	12.8	18.1	3.0	34.3	SE	26.1	1013.4	0	0.7	0.9	30
-40.578743	-64.995931	3.12.2020	1926	38.37	GPS	hembra	23.4	12.8	18.1	3.0	34.3	SE	26.1	1013.4	0	0.7	0.9	30
-40.578747	-64.995932	3.12.2020	1931	37.28	GPS	hembra	23.4	12.8	18.1	3.0	34.3	SE	26.1	1013.4	0	0.7	0.9	30
-40.578872	-64.996211	3.12.2020	1936	36.12	GPS	hembra	23.4	12.8	18.1	3.0	34.3	SE	26.1	1013.4	0	0.7	0.9	30
-40.57892800000001	-64.99628100000001	3.12.2020	1941	35.23	GPS	hembra	23.4	12.8	18.1	3.0	34.3	SE	26.1	1013.4	0	0.7	0.9	30
-40.578848	-64.996087	3.12.2020	1946	35.06	GPS	hembra	23.4	12.8	18.1	3.0	34.3	SE	26.1	1013.4	0	0.7	0.9	30
-40.578797	-64.996004	3.12.2020	1951	34.88	GPS	hembra	23.4	12.8	18.1	3.0	34.3	SE	26.1	1013.4	0	0.7	0.9	30
-40.578858	-64.996123	3.12.2020	1956	35.04	GPS	hembra	23.4	12.8	18.1	3.0	34.3	SE	26.1	1013.4	0	0.7	0.9	30
-40.578708	-64.995868	3.12.2020	2001	34.85	GPS	hembra	23.4	12.8	18.1	2.7	34.0	SE	25.4	1013.9	0	0.6	0.9	30
-40.578754	-64.995925	3.12.2020	2007	34.73	GPS	hembra	23.4	12.8	18.1	2.7	34.0	SE	25.4	1013.9	0	0.6	0.9	30
-40.578816	-64.99602	3.12.2020	2011	34.5	GPS	hembra	23.4	12.8	18.1	2.7	34.0	SE	25.4	1013.9	0	0.6	0.9	30
-40.578836	-64.996016	3.12.2020	2016	34.08	GPS	hembra	23.4	12.8	18.1	2.7	34.0	SE	25.4	1013.9	0	0.6	0.9	30
-40.578858	-64.996055	3.12.2020	2021	33.79	GPS	hembra	23.4	12.8	18.1	2.7	34.0	SE	25.4	1013.9	0	0.6	0.9	30
-40.578808	-64.995994	3.12.2020	2026	33.57	GPS	hembra	23.4	12.8	18.1	2.7	34.0	SE	25.4	1013.9	0	0.6	0.9	30
-40.579013	-64.99626500000001	3.12.2020	2031	33.48	GPS	hembra	23.4	12.8	18.1	2.7	34.0	SE	25.4	1013.9	0	0.6	0.9	30
-40.578901	-64.996119	3.12.2020	2036	32.76	GPS	hembra	23.4	12.8	18.1	2.7	34.0	SE	25.4	1013.9	0	0.6	0.9	30
-40.578769	-64.99593399999999	3.12.2020	2041	32.02	GPS	hembra	23.4	12.8	18.1	2.7	34.0	SE	25.4	1013.9	0	0.6	0.9	30
-40.578904	-64.996145	3.12.2020	2046	31.34	GPS	hembra	23.4	12.8	18.1	2.7	34.0	SE	25.4	1013.9	0	0.6	0.9	30
-40.578853	-64.996031	3.12.2020	2052	31.05	GPS	hembra	23.4	12.8	18.1	2.7	34.0	SE	25.4	1013.9	0	0.6	0.9	30
-40.578736	-64.99587700000001	3.12.2020	2057	30.9	GPS	hembra	23.4	12.8	18.1	2.7	34.0	SE	25.4	1013.9	0	0.6	0.9	30
-40.578623	-64.995788	3.12.2020	2102	30.53	GPS	hembra	23.4	12.8	18.1	2.6	34.5	SE	25.4	1014.6	0	0.5	0.8	30
-40.578795	-64.995979	3.12.2020	2107	29.95	GPS	hembra	23.4	12.8	18.1	2.6	34.5	SE	25.4	1014.6	0	0.5	0.8	30
-40.578834	-64.995994	3.12.2020	2111	29.92	GPS	hembra	23.4	12.8	18.1	2.6	34.5	SE	25.4	1014.6	0	0.5	0.8	30
-40.578829	-64.996012	3.12.2020	2117	29.28	GPS	hembra	23.4	12.8	18.1	2.6	34.5	SE	25.4	1014.6	0	0.5	0.8	30
-40.57881	-64.99597800000001	3.12.2020	2122	28.88	GPS	hembra	23.4	12.8	18.1	2.6	34.5	SE	25.4	1014.6	0	0.5	0.8	30
-40.578831	-64.995983	3.12.2020	2127	28.59	GPS	hembra	23.4	12.8	18.1	2.6	34.5	SE	25.4	1014.6	0	0.5	0.8	30
-40.578908	-64.995991	3.12.2020	2132	28.57	GPS	hembra	23.4	12.8	18.1	2.6	34.5	SE	25.4	1014.6	0	0.5	0.8	30
-40.578703	-64.99620300000001	3.12.2020	2137	28.2	GPS	hembra	23.4	12.8	18.1	2.6	34.5	SE	25.4	1014.6	0	0.5	0.8	30
-40.578782	-64.99600000000001	3.12.2020	2142	28.09	GPS	hembra	23.4	12.8	18.1	2.6	34.5	SE	25.4	1014.6	0	0.5	0.8	30
-40.578734	-64.996153	3.12.2020	2147	27.72	GPS	hembra	23.4	12.8	18.1	2.6	34.5	SE	25.4	1014.6	0	0.5	0.8	30
-40.578734	-64.99600500000001	3.12.2020	2153	27.99	GPS	hembra	23.4	12.8	18.1	2.6	34.5	SE	25.4	1014.6	0	0.5	0.8	30
-40.578891	-64.996057	3.12.2020	2157	28.2	GPS	hembra	23.4	12.8	18.1	2.6	34.5	SE	25.4	1014.6	0	0.5	0.8	30
-40.578742	-64.99605799999999	3.12.2020	2202	27.28	GPS	hembra	21.4	12.8	16.3	2.0	33.7	SE	26.2	1015.4	0	0.5	0.8	30
-40.57885200000001	-64.996043	3.12.2020	2207	27.04	GPS	hembra	21.4	12.8	16.3	2.0	33.7	SE	26.2	1015.4	0	0.5	0.8	30
-40.57882	-64.99602	3.12.2020	2208	*	yagui	hembra	21.4	12.8	16.3	2.0	33.7	SE	26.2	1015.4	0	0.5	0.8	30
-40.578795	-64.996014	3.12.2020	2212	26.43	GPS	hembra	21.4	12.8	16.3	2.0	33.7	SE	26.2	1015.4	0	0.5	0.8	30
