lat	lon	date	time	tempIMU	metodologia	sexo	tempmax(C)	tempmin(C)	tempmed(C)	Temprocíomediadiaria(C)	Humedadrelativadiaria(%)	vientodir	viento(km/h)vel	Presionsobreniveldelmar(Hp)	Prec(mm)	NubesTotOct	NubbajOct	Vis(km)
-40.58391	-64.99863	1.12.2020	1119	*	yagui	hembra	34.0	18.5	26.2	-7.4	10.3	NW	33.9	1015.0	*	0.6	0.2	30
-40.583988	-64.998628	1.12.2020	1122	27.89	GPS	hembra	34.0	18.5	26.2	-7.4	10.3	NW	33.9	1015.0	*	0.6	0.2	30
-40.583992	-64.998637	1.12.2020	1127	27.04	GPS	hembra	34.0	18.5	26.2	-7.4	10.3	NW	33.9	1015.0	*	0.6	0.2	30
-40.58397100000001	-64.998654	1.12.2020	1132	27.1	GPS	hembra	34.0	18.5	26.2	-7.4	10.3	NW	33.9	1015.0	*	0.6	0.2	30
-40.583981	-64.998598	1.12.2020	1137	27.22	GPS	hembra	34.0	18.5	26.2	-7.4	10.3	NW	33.9	1015.0	*	0.6	0.2	30
-40.583978	-64.998653	1.12.2020	1142	28.08	GPS	hembra	34.0	18.5	26.2	-7.4	10.3	NW	33.9	1015.0	*	0.6	0.2	30
-40.583997	-64.998631	1.12.2020	1147	29.49	GPS	hembra	34.0	18.5	26.2	-7.4	10.3	NW	33.9	1015.0	*	0.6	0.2	30
-40.584052	-64.99868199999999	1.12.2020	1152	31.48	GPS	hembra	34.0	18.5	26.2	-7.4	10.3	NW	33.9	1015.0	*	0.6	0.2	30
-40.583998	-64.998646	1.12.2020	1157	33.16	GPS	hembra	34.0	18.5	26.2	-7.4	10.3	NW	33.9	1015.0	*	0.6	0.2	30
-40.583964	-64.99861899999999	1.12.2020	1202	32.6	GPS	hembra	34.0	18.5	26.2	-7.0	10.4	NW	33.1	1008.8	0	0.6	0.2	30
-40.584008	-64.99870899999999	1.12.2020	1207	31.1	GPS	hembra	34.0	18.5	26.2	-7.0	10.4	NW	33.1	1008.8	0	0.6	0.2	30
-40.58383	-64.998583	1.12.2020	1212	34.46	GPS	hembra	34.0	18.5	26.2	-7.0	10.4	NW	33.1	1008.8	0	0.6	0.2	30
-40.583633	-64.99833000000001	1.12.2020	1217	35.76	GPS	hembra	34.0	18.5	26.2	-7.0	10.4	NW	33.1	1008.8	0	0.6	0.2	30
-40.583537	-64.998265	1.12.2020	1222	37	GPS	hembra	34.0	18.5	26.2	-7.0	10.4	NW	33.1	1008.8	0	0.6	0.2	30
-40.583368	-64.998064	1.12.2020	1227	37.37	GPS	hembra	34.0	18.5	26.2	-7.0	10.4	NW	33.1	1008.8	0	0.6	0.2	30
-40.583394	-64.998113	1.12.2020	1232	38.31	GPS	hembra	34.0	18.5	26.2	-7.0	10.4	NW	33.1	1008.8	0	0.6	0.2	30
-40.583167	-64.997861	1.12.2020	1237	39.15	GPS	hembra	34.0	18.5	26.2	-7.0	10.4	NW	33.1	1008.8	0	0.6	0.2	30
-40.58303	-64.997761	1.12.2020	1242	40	GPS	hembra	34.0	18.5	26.2	-7.0	10.4	NW	33.1	1008.8	0	0.6	0.2	30
-40.583015	-64.997766	1.12.2020	1247	43.92	GPS	hembra	34.0	18.5	26.2	-7.0	10.4	NW	33.1	1008.8	0	0.6	0.2	30
-40.583108	-64.997865	1.12.2020	1252	47.76	GPS	hembra	34.0	18.5	26.2	-7.0	10.4	NW	33.1	1008.8	0	0.6	0.2	30
-40.583326	-64.99810500000001	1.12.2020	1257	47.8	GPS	hembra	34.0	18.5	26.2	-7.0	10.4	NW	33.1	1008.8	0	0.6	0.2	30
-40.583086	-64.998572	1.12.2020	1312	37.95	GPS	hembra	34.0	18.5	26.2	-7.2	9.8	NW	31.8	1008.8	0	0.6	0.2	30
-40.583061	-64.99855699999999	1.12.2020	1317	36.08	GPS	hembra	34.0	18.5	26.2	-7.2	9.8	NW	31.8	1008.8	0	0.6	0.2	30
-40.58307	-64.99855600000001	1.12.2020	1332	34.03	GPS	hembra	34.0	18.5	26.2	-7.2	9.8	NW	31.8	1008.8	0	0.6	0.2	30
-40.58306	-64.998573	1.12.2020	1347	33.64	GPS	hembra	34.0	18.5	26.2	-7.2	9.8	NW	31.8	1008.8	0	0.6	0.2	30
-40.583111	-64.99848	1.12.2020	1352	33.85	GPS	hembra	34.0	18.5	26.2	-7.2	9.8	NW	31.8	1008.8	0	0.6	0.2	30
-40.58306	-64.998565	1.12.2020	1357	33.81	GPS	hembra	34.0	18.5	26.2	-7.2	9.8	NW	31.8	1008.8	0	0.6	0.2	30
-40.583045	-64.99868199999999	1.12.2020	1453	39.9	GPS	hembra	34.0	18.5	26.2	-7.8	9.0	NW	30.5	1008.8	0	0.7	0.2	30
-40.58300300000001	-64.998743	1.12.2020	1457	41.24	GPS	hembra	34.0	18.5	26.2	-7.8	9.0	NW	30.5	1008.8	0	0.7	0.2	30
-40.583014	-64.998847	1.12.2020	1502	38.12	GPS	hembra	34.0	18.5	26.2	-8.7	8.3	NW	29.7	1008.8	0	0.8	0.1	30
-40.583104	-64.998791	1.12.2020	1507	36.76	GPS	hembra	34.0	18.5	26.2	-8.7	8.3	NW	29.7	1008.8	0	0.8	0.1	30
-40.583069	-64.998832	1.12.2020	1512	36.13	GPS	hembra	34.0	18.5	26.2	-8.7	8.3	NW	29.7	1008.8	0	0.8	0.1	30
-40.582999	-64.998851	1.12.2020	1517	35.58	GPS	hembra	34.0	18.5	26.2	-8.7	8.3	NW	29.7	1008.8	0	0.8	0.1	30
-40.58302800000001	-64.998836	1.12.2020	1522	35.27	GPS	hembra	34.0	18.5	26.2	-8.7	8.3	NW	29.7	1008.8	0	0.8	0.1	30
-40.583017	-64.99880999999999	1.12.2020	1527	35.05	GPS	hembra	34.0	18.5	26.2	-8.7	8.3	NW	29.7	1008.8	0	0.8	0.1	30
-40.583076	-64.998801	1.12.2020	1533	34.71	GPS	hembra	34.0	18.5	26.2	-8.7	8.3	NW	29.7	1008.8	0	0.8	0.1	30
-40.583047	-64.998856	1.12.2020	1538	34.5	GPS	hembra	34.0	18.5	26.2	-8.7	8.3	NW	29.7	1008.8	0	0.8	0.1	30
-40.583053	-64.998859	1.12.2020	1543	34.47	GPS	hembra	34.0	18.5	26.2	-8.7	8.3	NW	29.7	1008.8	0	0.8	0.1	30
-40.583084	-64.998875	1.12.2020	1548	34.32	GPS	hembra	34.0	18.5	26.2	-8.7	8.3	NW	29.7	1008.8	0	0.8	0.1	30
-40.5831	-64.998852	1.12.2020	1553	34.3	GPS	hembra	34.0	18.5	26.2	-8.7	8.3	NW	29.7	1008.8	0	0.8	0.1	30
-40.583306	-64.998988	1.12.2020	1558	34.36	GPS	hembra	34.0	18.5	26.2	-8.7	8.3	NW	29.7	1008.8	0	0.8	0.1	30
-40.583013	-64.998814	1.12.2020	1603	34.41	GPS	hembra	34.0	18.5	26.2	-9.8	7.6	NW	28.4	1008.8	0	0.8	0.1	30
-40.58309000000001	-64.998684	1.12.2020	1608	34.75	GPS	hembra	34.0	18.5	26.2	-9.8	7.6	NW	28.4	1008.8	0	0.8	0.1	30
-40.583052	-64.998772	1.12.2020	1613	34.43	GPS	hembra	34.0	18.5	26.2	-9.8	7.6	NW	28.4	1008.8	0	0.8	0.1	30
-40.582954	-64.998832	1.12.2020	1618	34.3	GPS	hembra	34.0	18.5	26.2	-9.8	7.6	NW	28.4	1008.8	0	0.8	0.1	30
-40.583045	-64.998757	1.12.2020	1623	34.29	GPS	hembra	34.0	18.5	26.2	-9.8	7.6	NW	28.4	1008.8	0	0.8	0.1	30
-40.582991	-64.99873199999999	1.12.2020	1628	34.36	GPS	hembra	34.0	18.5	26.2	-9.8	7.6	NW	28.4	1008.8	0	0.8	0.1	30
-40.583025	-64.998502	1.12.2020	1633	34.31	GPS	hembra	34.0	18.5	26.2	-9.8	7.6	NW	28.4	1008.8	0	0.8	0.1	30
-40.583045	-64.998864	1.12.2020	1638	34.45	GPS	hembra	34.0	18.5	26.2	-9.8	7.6	NW	28.4	1008.8	0	0.8	0.1	30
-40.583014	-64.998703	1.12.2020	1643	34.36	GPS	hembra	34.0	18.5	26.2	-9.8	7.6	NW	28.4	1008.8	0	0.8	0.1	30
-40.583031	-64.998861	1.12.2020	1648	34.35	GPS	hembra	34.0	18.5	26.2	-9.8	7.6	NW	28.4	1008.8	0	0.8	0.1	30
-40.582974	-64.9988	1.12.2020	1653	34.36	GPS	hembra	34.0	18.5	26.2	-9.8	7.6	NW	28.4	1008.8	0	0.8	0.1	30
-40.583	-64.998757	1.12.2020	1658	34.28	GPS	hembra	34.0	18.5	26.2	-9.8	7.6	NW	28.4	1008.8	0	0.8	0.1	30
-40.583019	-64.99873000000001	1.12.2020	1703	34.35	GPS	hembra	34.0	18.5	26.2	-11.5	7.0	NW	27.8	1008.8	0	0.8	0.1	30
-40.58303	-64.99880999999999	1.12.2020	1708	34.41	GPS	hembra	34.0	18.5	26.2	-11.5	7.0	NW	27.8	1008.8	0	0.8	0.1	30
-40.583012	-64.998765	1.12.2020	1713	34.38	GPS	hembra	34.0	18.5	26.2	-11.5	7.0	NW	27.8	1008.8	0	0.8	0.1	30
-40.582987	-64.99880300000001	1.12.2020	1718	34.31	GPS	hembra	34.0	18.5	26.2	-11.5	7.0	NW	27.8	1008.8	0	0.8	0.1	30
-40.582973	-64.998786	1.12.2020	1723	34.3	GPS	hembra	34.0	18.5	26.2	-11.5	7.0	NW	27.8	1008.8	0	0.8	0.1	30
-40.583009	-64.998805	1.12.2020	1728	34.35	GPS	hembra	34.0	18.5	26.2	-11.5	7.0	NW	27.8	1008.8	0	0.8	0.1	30
-40.582977	-64.998798	1.12.2020	1733	34.68	GPS	hembra	34.0	18.5	26.2	-11.5	7.0	NW	27.8	1008.8	0	0.8	0.1	30
-40.583103	-64.998767	1.12.2020	1738	34.78	GPS	hembra	34.0	18.5	26.2	-11.5	7.0	NW	27.8	1008.8	0	0.8	0.1	30
-40.583075	-64.99888100000001	1.12.2020	1744	35.01	GPS	hembra	34.0	18.5	26.2	-11.5	7.0	NW	27.8	1008.8	0	0.8	0.1	30
-40.58305	-64.998918	1.12.2020	1748	35.39	GPS	hembra	34.0	18.5	26.2	-11.5	7.0	NW	27.8	1008.8	0	0.8	0.1	30
-40.582997	-64.998878	1.12.2020	1753	35.04	GPS	hembra	34.0	18.5	26.2	-11.5	7.0	NW	27.8	1008.8	0	0.8	0.1	30
-40.582997	-64.998699	1.12.2020	1758	34.97	GPS	hembra	34.0	18.5	26.2	-11.5	7.0	NW	27.8	1008.8	0	0.8	0.1	30
-40.582981	-64.998745	1.12.2020	1803	34.88	GPS	hembra	35.4	18.5	26.2	-12.6	6.5	WNW	28.1	1008.8	0	0.8	0.1	30
-40.583021	-64.998774	1.12.2020	1808	34.86	GPS	hembra	35.4	18.5	26.2	-12.6	6.5	WNW	28.1	1008.8	0	0.8	0.1	30
-40.583039	-64.998757	1.12.2020	1813	34.88	GPS	hembra	35.4	18.5	26.2	-12.6	6.5	WNW	28.1	1008.8	0	0.8	0.1	30
-40.583013	-64.99870200000001	1.12.2020	1818	34.89	GPS	hembra	35.4	18.5	26.2	-12.6	6.5	WNW	28.1	1008.8	0	0.8	0.1	30
-40.583014	-64.99874	1.12.2020	1823	34.99	GPS	hembra	35.4	18.5	26.2	-12.6	6.5	WNW	28.1	1008.8	0	0.8	0.1	30
-40.583047	-64.99871800000001	1.12.2020	1828	35.07	GPS	hembra	35.4	18.5	26.2	-12.6	6.5	WNW	28.1	1008.8	0	0.8	0.1	30
-40.583032	-64.99875899999999	1.12.2020	1833	35.14	GPS	hembra	35.4	18.5	26.2	-12.6	6.5	WNW	28.1	1008.8	0	0.8	0.1	30
-40.583036	-64.99874399999999	1.12.2020	1839	35.27	GPS	hembra	35.4	18.5	26.2	-12.6	6.5	WNW	28.1	1008.8	0	0.8	0.1	30
-40.583032	-64.998777	1.12.2020	1843	35.34	GPS	hembra	35.4	18.5	26.2	-12.6	6.5	WNW	28.1	1008.8	0	0.8	0.1	30
-40.583001	-64.99880999999999	1.12.2020	1848	35.06	GPS	hembra	35.4	18.5	26.2	-12.6	6.5	WNW	28.1	1008.8	0	0.8	0.1	30
-40.583061	-64.998786	1.12.2020	1853	34.9	GPS	hembra	35.4	18.5	26.2	-12.6	6.5	WNW	28.1	1008.8	0	0.8	0.1	30
-40.583031	-64.998738	1.12.2020	1858	34.79	GPS	hembra	35.4	18.5	26.2	-12.6	6.5	WNW	28.1	1008.8	0	0.8	0.1	30
-40.583045	-64.998787	1.12.2020	1903	34.77	GPS	hembra	36.2	18.5	26.2	-13.5	6.2	WNW	28.1	1008.8	0	0.8	0.2	30
-40.583072	-64.998799	1.12.2020	1908	34.63	GPS	hembra	36.2	18.5	26.2	-13.5	6.2	WNW	28.1	1008.8	0	0.8	0.2	30
-40.583017	-64.99878199999999	1.12.2020	1913	34.64	GPS	hembra	36.2	18.5	26.2	-13.5	6.2	WNW	28.1	1008.8	0	0.8	0.2	30
-40.583022	-64.998772	1.12.2020	1918	34.68	GPS	hembra	36.2	18.5	26.2	-13.5	6.2	WNW	28.1	1008.8	0	0.8	0.2	30
-40.583035	-64.998763	1.12.2020	1923	34.7	GPS	hembra	36.2	18.5	26.2	-13.5	6.2	WNW	28.1	1008.8	0	0.8	0.2	30
-40.583036	-64.998829	1.12.2020	1928	34.59	GPS	hembra	36.2	18.5	26.2	-13.5	6.2	WNW	28.1	1008.8	0	0.8	0.2	30
-40.583027	-64.99878000000001	1.12.2020	1933	34.6	GPS	hembra	36.2	18.5	26.2	-13.5	6.2	WNW	28.1	1008.8	0	0.8	0.2	30
-40.583008	-64.998762	1.12.2020	1938	34.51	GPS	hembra	36.2	18.5	26.2	-13.5	6.2	WNW	28.1	1008.8	0	0.8	0.2	30
-40.583084	-64.998811	1.12.2020	1943	34.54	GPS	hembra	36.2	18.5	26.2	-13.5	6.2	WNW	28.1	1008.8	0	0.8	0.2	30
-40.582929	-64.998727	1.12.2020	1948	34.48	GPS	hembra	36.2	18.5	26.2	-13.5	6.2	WNW	28.1	1008.8	0	0.8	0.2	30
-40.582926	-64.998735	1.12.2020	1953	34.35	GPS	hembra	36.2	18.5	26.2	-13.5	6.2	WNW	28.1	1008.8	0	0.8	0.2	30
-40.582964	-64.998755	1.12.2020	1959	34.27	GPS	hembra	36.2	18.5	26.2	-13.5	6.2	WNW	28.1	1008.8	0	0.8	0.2	30
-40.582972	-64.998761	1.12.2020	2004	34.3	GPS	hembra	36.5	18.5	26.2	-14.4	5.9	WNW	28.1	1008.8	0	0.8	0.4	30
-40.582921	-64.998725	1.12.2020	2009	34.36	GPS	hembra	36.5	18.5	26.2	-14.4	5.9	WNW	28.1	1008.8	0	0.8	0.4	30
-40.583013	-64.998773	1.12.2020	2014	34.32	GPS	hembra	36.5	18.5	26.2	-14.4	5.9	WNW	28.1	1008.8	0	0.8	0.4	30
-40.583	-64.998787	1.12.2020	2019	34.23	GPS	hembra	36.5	18.5	26.2	-14.4	5.9	WNW	28.1	1008.8	0	0.8	0.4	30
-40.583055	-64.998823	1.12.2020	2024	34.24	GPS	hembra	36.5	18.5	26.2	-14.4	5.9	WNW	28.1	1008.8	0	0.8	0.4	30
-40.58299	-64.998743	1.12.2020	2029	34.21	GPS	hembra	36.5	18.5	26.2	-14.4	5.9	WNW	28.1	1008.8	0	0.8	0.4	30
-40.583098	-64.99887700000001	1.12.2020	2034	34.16	GPS	hembra	36.5	18.5	26.2	-14.4	5.9	WNW	28.1	1008.8	0	0.8	0.4	30
-40.58302800000001	-64.99879	1.12.2020	2039	34.22	GPS	hembra	36.5	18.5	26.2	-14.4	5.9	WNW	28.1	1008.8	0	0.8	0.4	30
-40.583013	-64.998752	1.12.2020	2044	34.37	GPS	hembra	36.5	18.5	26.2	-14.4	5.9	WNW	28.1	1008.8	0	0.8	0.4	30
-40.583008	-64.99875899999999	1.12.2020	2049	34.1	GPS	hembra	36.5	18.5	26.2	-14.4	5.9	WNW	28.1	1008.8	0	0.8	0.4	30
-40.583033	-64.998746	1.12.2020	2054	34.05	GPS	hembra	36.5	18.5	26.2	-14.4	5.9	WNW	28.1	1008.8	0	0.8	0.4	30
-40.582995	-64.99878100000001	1.12.2020	2059	33.95	GPS	hembra	36.5	18.5	26.2	-14.4	5.9	WNW	28.1	1008.8	0	0.8	0.4	30
-40.583027	-64.998786	1.12.2020	2104	33.93	GPS	hembra	36.5	18.5	26.2	-15.3	5.6	WNW	28.1	1008.8	0	0.8	0.5	30
-40.582906	-64.998752	1.12.2020	2109	33.92	GPS	hembra	36.5	18.5	26.2	-15.3	5.6	WNW	28.1	1008.8	0	0.8	0.5	30
-40.583007	-64.99878000000001	1.12.2020	2114	33.84	GPS	hembra	36.5	18.5	26.2	-15.3	5.6	WNW	28.1	1008.8	0	0.8	0.5	30
-40.582964	-64.998719	1.12.2020	2119	33.81	GPS	hembra	36.5	18.5	26.2	-15.3	5.6	WNW	28.1	1008.8	0	0.8	0.5	30
-40.582954	-64.998776	1.12.2020	2124	33.81	GPS	hembra	36.5	18.5	26.2	-15.3	5.6	WNW	28.1	1008.8	0	0.8	0.5	30
-40.583	-64.998795	1.12.2020	2129	33.68	GPS	hembra	36.5	18.5	26.2	-15.3	5.6	WNW	28.1	1008.8	0	0.8	0.5	30
-40.582991	-64.998809	1.12.2020	2134	33.66	GPS	hembra	36.5	18.5	26.2	-15.3	5.6	WNW	28.1	1008.8	0	0.8	0.5	30
-40.582991	-64.99877099999999	1.12.2020	2139	33.6	GPS	hembra	36.5	18.5	26.2	-15.3	5.6	WNW	28.1	1008.8	0	0.8	0.5	30
-40.58304	-64.998765	1.12.2020	2144	33.74	GPS	hembra	36.5	18.5	26.2	-15.3	5.6	WNW	28.1	1008.8	0	0.8	0.5	30
-40.583021	-64.998784	1.12.2020	2149	33.71	GPS	hembra	36.5	18.5	26.2	-15.3	5.6	WNW	28.1	1008.8	0	0.8	0.5	30
-40.583073	-64.998706	1.12.2020	2154	33.78	GPS	hembra	36.5	18.5	26.2	-15.3	5.6	WNW	28.1	1008.8	0	0.8	0.5	30
-40.583039	-64.998698	1.12.2020	2159	33.62	GPS	hembra	36.5	18.5	26.2	-15.3	5.6	WNW	28.1	1008.8	0	0.8	0.5	30
-40.582996	-64.998784	1.12.2020	2204	33.6	GPS	hembra	36.5	18.5	23.2	-15.8	5.4	WNW	27.7	1008.8	0	0.8	0.6	30
-40.582985	-64.99879200000001	1.12.2020	2209	33.63	GPS	hembra	36.5	18.5	23.2	-15.8	5.4	WNW	27.7	1008.8	0	0.8	0.6	30
-40.583031	-64.99883	1.12.2020	2214	33.63	GPS	hembra	36.5	18.5	23.2	-15.8	5.4	WNW	27.7	1008.8	0	0.8	0.6	30
-40.582999	-64.998685	1.12.2020	2219	33.6	GPS	hembra	36.5	18.5	23.2	-15.8	5.4	WNW	27.7	1008.8	0	0.8	0.6	30
-40.583033	-64.998785	1.12.2020	2225	33.41	GPS	hembra	36.5	18.5	23.2	-15.8	5.4	WNW	27.7	1008.8	0	0.8	0.6	30
-40.583046	-64.998775	1.12.2020	2229	33.75	GPS	hembra	36.5	18.5	23.2	-15.8	5.4	WNW	27.7	1008.8	0	0.8	0.6	30
-40.582983	-64.998778	1.12.2020	2234	33.52	GPS	hembra	36.5	18.5	23.2	-15.8	5.4	WNW	27.7	1008.8	0	0.8	0.6	30
-40.583066	-64.99868199999999	1.12.2020	2239	33.36	GPS	hembra	36.5	18.5	23.2	-15.8	5.4	WNW	27.7	1008.8	0	0.8	0.6	30
-40.582967	-64.998806	1.12.2020	2244	33.22	GPS	hembra	36.5	18.5	23.2	-15.8	5.4	WNW	27.7	1008.8	0	0.8	0.6	30
-40.583018	-64.998796	1.12.2020	2249	33.17	GPS	hembra	36.5	18.5	23.2	-15.8	5.4	WNW	27.7	1008.8	0	0.8	0.6	30
-40.582993	-64.998735	1.12.2020	2254	33.08	GPS	hembra	36.5	18.5	23.2	-15.8	5.4	WNW	27.7	1008.8	0	0.8	0.6	30
-40.583016	-64.99880300000001	1.12.2020	2259	33.01	GPS	hembra	36.5	18.5	23.2	-15.8	5.4	WNW	27.7	1008.8	0	0.8	0.6	30
-40.582999	-64.99871	1.12.2020	2304	32.99	GPS	hembra	36.5	18.5	23.2	-15.9	5.5	WNW	27.8	1008.8	0	0.8	0.8	30
-40.58300300000001	-64.998811	1.12.2020	2309	32.97	GPS	hembra	36.5	18.5	23.2	-15.9	5.5	WNW	27.8	1008.8	0	0.8	0.8	30
-40.583058	-64.998827	1.12.2020	2314	32.94	GPS	hembra	36.5	18.5	23.2	-15.9	5.5	WNW	27.8	1008.8	0	0.8	0.8	30
-40.58302800000001	-64.998828	1.12.2020	2319	32.86	GPS	hembra	36.5	18.5	23.2	-15.9	5.5	WNW	27.8	1008.8	0	0.8	0.8	30
-40.58303	-64.99878000000001	1.12.2020	2322	*	yagui	hembra	36.5	18.5	23.2	-15.9	5.5	WNW	27.8	1008.8	0	0.8	0.8	30
