lat	lon	date	time	tempIMU	metodologia	sexo	tempmax(C)	tempmin(C)	tempmed(C)	Temprocíomediadiaria(C)	Humedadrelativadiaria(%)	vientodir	viento(km/h)vel	Presionsobreniveldelmar(Hp)	Prec(mm)	NubesTotOct	NubbajOct	Vis(km)
-40.58301	-64.99878000000001	29.11.2020	1137	24.41	GPS	hembra	31.0	18.6	24.8	3.0	24.0	SSW	23.5	1010.0	*	3.6	1.8	30
-40.58304	-64.998869	29.11.2020	1147	23.77	GPS	hembra	31.0	18.6	24.8	3.0	24.0	SSW	23.5	1010.0	*	3.6	1.8	30
-40.583035	-64.998824	29.11.2020	1157	22.04	GPS	hembra	31.0	18.6	24.8	3.0	24.0	SSW	23.5	1010.0	*	3.6	1.8	30
-40.583005	-64.998788	29.11.2020	1207	31.84	GPS	hembra	31.0	10.8	20.9	2.7	24.4	SSW	24.8	1010.7	0	3.4	1.8	30
-40.58298	-64.998785	29.11.2020	1217	35.52	GPS	hembra	31.0	10.8	20.9	2.7	24.4	SSW	24.8	1010.7	0	3.4	1.8	30
-40.582976	-64.998716	29.11.2020	1227	38.04	GPS	hembra	31.0	10.8	20.9	2.7	24.4	SSW	24.8	1010.7	0	3.4	1.8	30
-40.582997	-64.998763	29.11.2020	1237	39.78	GPS	hembra	31.0	10.8	20.9	2.7	24.4	SSW	24.8	1010.7	0	3.4	1.8	30
-40.582998	-64.99874399999999	29.11.2020	1247	42.06	GPS	hembra	31.0	10.8	20.9	2.7	24.4	SSW	24.8	1010.7	0	3.4	1.8	30
-40.582976	-64.998817	29.11.2020	1257	41.36	GPS	hembra	31.0	10.8	20.9	2.7	24.4	SSW	24.8	1010.7	0	3.4	1.8	30
-40.583029	-64.99878199999999	29.11.2020	1307	40.16	GPS	hembra	31.0	10.8	20.9	2.4	24.7	SSW	25.2	1011.3	0	3.2	1.8	30
-40.582977	-64.99891099999999	29.11.2020	1317	43.22	GPS	hembra	31.0	10.8	20.9	2.4	24.7	SSW	25.2	1011.3	0	3.2	1.8	30
-40.582965	-64.998929	29.11.2020	1327	43.82	GPS	hembra	31.0	10.8	20.9	2.4	24.7	SSW	25.2	1011.3	0	3.2	1.8	30
-40.582962	-64.998913	29.11.2020	1337	44.71	GPS	hembra	31.0	10.8	20.9	2.4	24.7	SSW	25.2	1011.3	0	3.2	1.8	30
-40.58292700000001	-64.99895500000001	29.11.2020	1347	43.22	GPS	hembra	31.0	10.8	20.9	2.4	24.7	SSW	25.2	1011.3	0	3.2	1.8	30
-40.582984	-64.99916400000001	29.11.2020	1358	36.64	GPS	hembra	31.0	10.8	20.9	2.4	24.7	SSW	25.2	1011.3	0	3.2	1.8	30
-40.58298	-64.99909	29.11.2020	1408	33.31	GPS	hembra	31.0	10.8	20.9	2.0	24.9	SSW	26.1	1012.0	0	3.1	2	30
-40.582973	-64.999088	29.11.2020	1417	29.84	GPS	hembra	31.0	10.8	20.9	2.0	24.9	SSW	26.1	1012.0	0	3.1	2	30
-40.582886	-64.99903	29.11.2020	1427	42.21	GPS	hembra	31.0	10.8	20.9	2.0	24.9	SSW	26.1	1012.0	0	3.1	2	30
-40.582863	-64.99896899999999	29.11.2020	1437	44.01	GPS	hembra	31.0	10.8	20.9	2.0	24.9	SSW	26.1	1012.0	0	3.1	2	30
-40.58297	-64.998853	29.11.2020	1448	39.74	GPS	hembra	31.0	10.8	20.9	2.0	24.9	SSW	26.1	1012.0	0	3.1	2	30
-40.58298	-64.998853	29.11.2020	1458	29.85	GPS	hembra	31.0	10.8	20.9	2.0	24.9	SSW	26.1	1012.0	0	3.1	2	30
-40.583	-64.998855	29.11.2020	1508	27.85	GPS	hembra	31.0	10.8	20.9	1.7	25.2	SSW	26.7	1012.7	0	2.8	2.1	30
-40.583035	-64.998823	29.11.2020	1518	35.98	GPS	hembra	31.0	10.8	20.9	1.7	25.2	SSW	26.7	1012.7	0	2.8	2.1	30
-40.583018	-64.9988	29.11.2020	1528	29.82	GPS	hembra	31.0	10.8	20.9	1.7	25.2	SSW	26.7	1012.7	0	2.8	2.1	30
-40.583008	-64.998806	29.11.2020	1538	29.25	GPS	hembra	31.0	10.8	20.9	1.7	25.2	SSW	26.7	1012.7	0	2.8	2.1	30
-40.583024	-64.998778	29.11.2020	1548	29.01	GPS	hembra	31.0	10.8	20.9	1.7	25.2	SSW	26.7	1012.7	0	2.8	2.1	30
-40.582984	-64.998835	29.11.2020	1558	28.56	GPS	hembra	31.0	10.8	20.9	1.7	25.2	SSW	26.7	1012.7	0	2.8	2.1	30
-40.583026	-64.998805	29.11.2020	1628	28.44	GPS	hembra	31.0	10.8	20.9	1.5	25.7	SSW	26.7	1013.3	0	2.6	2.2	30
-40.582997	-64.998796	29.11.2020	1638	28.37	GPS	hembra	31.0	10.8	20.9	1.5	25.7	SSW	26.7	1013.3	0	2.6	2.2	30
-40.582997	-64.998875	29.11.2020	1648	28.32	GPS	hembra	31.0	10.8	20.9	1.5	25.7	SSW	26.7	1013.3	0	2.6	2.2	30
-40.583052	-64.998809	29.11.2020	1658	29.27	GPS	hembra	31.0	10.8	20.9	1.5	25.7	SSW	26.7	1013.3	0	2.6	2.2	30
-40.58301	-64.998819	29.11.2020	1708	28.64	GPS	hembra	31.0	10.8	20.9	1.4	26.4	SSW	26.7	1014.1	0	2.5	2.3	30
-40.583239	-64.998864	29.11.2020	1718	28.4	GPS	hembra	31.0	10.8	20.9	1.4	26.4	SSW	26.7	1014.1	0	2.5	2.3	30
-40.58303400000001	-64.998809	29.11.2020	1729	28.2	GPS	hembra	31.0	10.8	20.9	1.4	26.4	SSW	26.7	1014.1	0	2.5	2.3	30
-40.583069	-64.998846	29.11.2020	1738	28.19	GPS	hembra	31.0	10.8	20.9	1.4	26.4	SSW	26.7	1014.1	0	2.5	2.3	30
-40.583019	-64.998807	29.11.2020	1748	28.25	GPS	hembra	31.0	10.8	20.9	1.4	26.4	SSW	26.7	1014.1	0	2.5	2.3	30
-40.583017	-64.99879	29.11.2020	1758	28.12	GPS	hembra	31.0	10.8	20.9	1.4	26.4	SSW	26.7	1014.1	0	2.5	2.3	30
-40.583032	-64.998779	29.11.2020	1808	28.32	GPS	hembra	31.0	10.8	20.9	1.1	26.9	SSW	26.7	1014.8	0	2.2	2.5	30
-40.583094	-64.998819	29.11.2020	1819	28.52	GPS	hembra	31.0	10.8	20.9	1.1	26.9	SSW	26.7	1014.8	0	2.2	2.5	30
-40.582997	-64.998747	29.11.2020	1829	28.35	GPS	hembra	31.0	10.8	20.9	1.1	26.9	SSW	26.7	1014.8	0	2.2	2.5	30
-40.583014	-64.998746	29.11.2020	1839	28.35	GPS	hembra	31.0	10.8	20.9	1.1	26.9	SSW	26.7	1014.8	0	2.2	2.5	30
-40.583014	-64.998796	29.11.2020	1849	28	GPS	hembra	31.0	10.8	20.9	1.1	26.9	SSW	26.7	1014.8	0	2.2	2.5	30
-40.58303400000001	-64.99878299999999	29.11.2020	1859	27.98	GPS	hembra	31.0	10.8	20.9	1.1	26.9	SSW	26.7	1014.8	0	2.2	2.5	30
-40.582966	-64.998703	29.11.2020	1909	27.82	GPS	hembra	31.0	10.8	20.9	0.6	27.0	S	27.4	1015.7	0	2.1	2.7	30
-40.583007	-64.99876400000001	29.11.2020	1919	27.42	GPS	hembra	31.0	10.8	20.9	0.6	27.0	S	27.4	1015.7	0	2.1	2.7	30
-40.582886	-64.999054	29.11.2020	1929	33.93	GPS	hembra	31.0	10.8	20.9	0.6	27.0	S	27.4	1015.7	0	2.1	2.7	30
-40.582743	-64.998988	29.11.2020	1939	38.12	GPS	hembra	31.0	10.8	20.9	0.6	27.0	S	27.4	1015.7	0	2.1	2.7	30
-40.582922	-64.99920999999999	29.11.2020	1949	37.36	GPS	hembra	31.0	10.8	20.9	0.6	27.0	S	27.4	1015.7	0	2.1	2.7	30
-40.582509	-64.998448	29.11.2020	1959	38.74	GPS	hembra	31.0	10.8	20.9	0.6	27.0	S	27.4	1015.7	0	2.1	2.7	30
-40.583002	-64.99895699999999	29.11.2020	2009	40.92	GPS	hembra	31.0	10.8	20.9	0.8	28.4	S	27.5	1016.6	0	1.9	3	30
-40.5832	-64.99857	29.11.2020	2018	*	yagui	hembra	31.0	10.8	20.9	0.8	28.4	S	27.5	1016.6	0	1.9	3	30
-40.583163	-64.998525	29.11.2020	2019	41.14	GPS	hembra	31.0	10.8	20.9	0.8	28.4	S	27.5	1016.6	0	1.9	3	30
-40.583266	-64.998386	29.11.2020	2029	41.17	GPS	hembra	31.0	10.8	20.9	0.8	28.4	S	27.5	1016.6	0	1.9	3	30
-40.583377	-64.998148	29.11.2020	2039	38.62	GPS	hembra	31.0	10.8	20.9	0.8	28.4	S	27.5	1016.6	0	1.9	3	30
-40.58356	-64.99829	29.11.2020	2044	*	yagui	hembra	31.0	10.8	20.9	0.8	28.4	S	27.5	1016.6	0	1.9	3	30
-40.58392	-64.99857	29.11.2020	2050	*	yagui	hembra	31.0	10.8	20.9	0.8	28.4	S	27.5	1016.6	0	1.9	3	30
-40.58397	-64.99863	29.11.2020	2054	*	yagui	hembra	31.0	10.8	20.9	0.8	28.4	S	27.5	1016.6	0	1.9	3	30
-40.583989	-64.998577	29.11.2020	2059	38.87	GPS	hembra	31.0	10.8	20.9	0.8	28.4	S	27.5	1016.6	0	1.9	3	30
-40.584	-64.998639	29.11.2020	2109	31.88	GPS	hembra	31.0	10.8	20.9	0.8	29.2	SSE	26.7	1017.5	0	1.6	3	30
-40.583977	-64.998598	29.11.2020	2119	39.17	GPS	hembra	31.0	10.8	20.9	0.8	29.2	SSE	26.7	1017.5	0	1.6	3	30
-40.583983	-64.998613	29.11.2020	2129	38.98	GPS	hembra	31.0	10.8	20.9	0.8	29.2	SSE	26.7	1017.5	0	1.6	3	30
-40.583975	-64.998582	29.11.2020	2139	38.29	GPS	hembra	31.0	10.8	20.9	0.8	29.2	SSE	26.7	1017.5	0	1.6	3	30
